0,32nd,2005,1509,9.34
1,SemiFinal,2009,564,1.25
2,Final,1991,522,6.46
3,16th,2007,314,7.85
4,16th,1990,1369,8.29
5,SemiFinal,2005,1788,2.87
6,SemiFinal,2011,310,5.35
7,32nd,1989,697,5.03
8,quarter_final,2009,489,7.57
9,16th,2015,1745,10.71
10,Final,1990,1063,10.48
11,32nd,1991,846,2.15
12,16th,1993,1634,5.58
13,SemiFinal,1986,693,1.03
14,SemiFinal,2014,462,9.57
15,quarter_final,1996,592,4.32
16,32nd,1997,507,8.0
17,SemiFinal,2005,1772,10.33
18,quarter_final,1986,754,7.36
19,16th,1991,2015,6.34
20,SemiFinal,1989,348,3.0
21,SemiFinal,2007,759,8.36
22,quarter_final,2006,1179,6.62
23,quarter_final,1988,719,10.04
24,SemiFinal,1990,1279,10.82
25,quarter_final,1989,1682,7.81
26,Final,2011,804,2.27
27,32nd,2010,993,7.11
28,Final,1996,1909,6.7
29,Final,1989,1566,4.37
30,SemiFinal,1996,1950,8.06
31,16th,2008,1645,1.4
32,32nd,1986,1732,2.83
33,quarter_final,1995,1183,1.31
34,16th,2005,1856,10.59
35,16th,1999,305,8.03
36,quarter_final,2007,343,5.12
37,SemiFinal,2001,96,9.02
38,quarter_final,1990,1513,5.68
39,Final,2011,928,8.62
40,Final,2014,485,7.9
41,quarter_final,2010,806,8.29
42,SemiFinal,2006,407,2.39
43,Final,1989,1810,4.85
44,32nd,1990,752,5.41
45,quarter_final,2000,620,5.83
46,SemiFinal,2003,1124,7.25
47,quarter_final,2014,1688,8.63
48,Final,1992,1330,5.39
49,Final,2000,1758,1.47
50,32nd,1989,264,9.17
51,16th,1998,939,10.91
52,Final,2012,781,10.24
53,32nd,2002,409,2.06
54,16th,2007,1764,9.63
55,SemiFinal,1991,1257,10.65
56,SemiFinal,1987,892,2.86
57,Final,1987,1388,5.17
58,16th,2010,1210,7.92
59,SemiFinal,2004,418,4.57
60,quarter_final,1994,678,2.0
61,32nd,1992,1147,10.71
62,SemiFinal,1994,440,7.73
63,32nd,2002,794,9.6
64,quarter_final,1995,582,7.35
65,32nd,2001,1616,6.67
66,Final,2001,1615,7.65
67,quarter_final,2002,1540,1.79
68,quarter_final,1986,1624,10.57
69,quarter_final,2003,540,1.67
70,SemiFinal,2002,1073,10.6
71,Final,1991,1958,7.87
72,SemiFinal,2002,605,7.65
73,16th,2014,365,9.1
74,quarter_final,2005,805,4.88
75,quarter_final,1987,1656,10.82
76,SemiFinal,2013,438,5.44
77,quarter_final,2009,1899,10.99
78,quarter_final,1995,96,1.75
79,quarter_final,2010,738,2.23
80,Final,1994,471,5.71
81,SemiFinal,2005,1898,4.53
82,Final,1995,197,3.82
83,quarter_final,1992,694,5.73
84,32nd,1991,1195,9.73
85,16th,1992,843,9.55
86,Final,1992,1466,2.39
87,16th,1994,358,6.63
88,quarter_final,2000,498,3.37
89,16th,1994,1468,4.02
90,quarter_final,2009,483,10.41
91,Final,2015,1358,9.78
92,SemiFinal,1997,844,3.41
93,SemiFinal,1992,1922,3.36
94,quarter_final,2011,440,8.32
95,Final,2004,1901,6.55
96,Final,1992,403,2.82
97,quarter_final,1991,830,6.74
98,16th,1999,1169,5.24
99,SemiFinal,1993,2043,9.68
100,SemiFinal,2000,1881,8.11
101,quarter_final,1997,1293,3.68
102,Final,1994,115,1.52
103,quarter_final,2015,1533,1.76
104,SemiFinal,1995,65,1.47
105,32nd,2000,459,7.5
106,SemiFinal,2007,1152,7.02
107,Final,2001,1946,8.96
108,16th,1992,1698,3.99
109,SemiFinal,1996,1903,3.34
110,quarter_final,2000,1681,6.45
111,32nd,2000,85,3.31
112,16th,1992,1293,5.86
113,16th,1986,393,4.87
114,32nd,1994,70,5.1
115,quarter_final,2014,1390,5.64
116,16th,1993,204,8.39
117,Final,1999,953,7.53
118,SemiFinal,2012,313,10.12
119,quarter_final,2011,61,4.71
120,16th,1990,900,9.97
121,Final,2012,1729,5.19
122,32nd,2004,479,5.85
123,quarter_final,1992,911,1.21
124,Final,2006,1481,5.52
125,32nd,1993,1688,9.52
126,16th,1994,1124,7.6
127,32nd,1996,1832,1.79
128,SemiFinal,1996,1456,8.69
129,32nd,2004,1377,5.97
130,16th,2003,920,2.66
131,32nd,2012,1706,6.48
132,Final,1986,1863,9.67
133,32nd,2007,1466,4.63
134,32nd,2007,1787,8.65
135,16th,1994,604,10.17
136,32nd,1990,373,4.74
137,16th,2000,172,2.23
138,32nd,1995,1925,7.11
139,Final,2014,570,3.35
140,16th,2007,1138,1.62
141,quarter_final,2015,411,10.95
142,32nd,1995,171,10.06
143,SemiFinal,2008,1610,3.97
144,32nd,2000,417,4.86
145,16th,1992,751,1.91
146,Final,2003,1714,9.96
147,SemiFinal,1991,1585,2.57
148,Final,2008,774,1.72
149,16th,1986,1329,8.05
150,Final,2011,1822,2.34
151,32nd,1993,76,2.17
152,16th,2007,903,2.15
153,16th,1989,2022,3.44
154,Final,1992,267,6.99
155,32nd,2002,824,3.14
156,16th,1997,1235,5.26
157,32nd,1993,132,3.36
158,32nd,2005,1595,9.83
159,SemiFinal,1994,373,10.91
160,16th,1991,416,8.9
161,Final,1997,404,3.98
162,quarter_final,1997,309,10.66
163,SemiFinal,1986,128,8.54
164,Final,1991,1650,3.9
165,16th,1993,1145,9.65
166,32nd,1992,818,1.16
167,Final,2012,511,10.63
168,SemiFinal,1994,863,8.15
169,Final,2005,1709,8.37
170,16th,2013,2041,3.73
171,Final,1990,832,6.9
172,Final,2001,1522,4.92
173,quarter_final,1988,1695,3.53
174,Final,2012,1459,8.46
175,quarter_final,2014,1754,8.05
176,Final,1986,1641,2.06
177,quarter_final,2000,63,8.42
178,quarter_final,2008,905,6.83
179,SemiFinal,1989,208,6.13
180,Final,1998,1048,9.41
181,Final,2004,1611,7.56
182,16th,2005,273,1.71
183,quarter_final,2006,879,3.24
184,32nd,1995,307,4.5
185,16th,1993,972,2.83
186,Final,1997,404,10.13
187,16th,2002,981,5.93
188,quarter_final,2012,819,2.26
189,Final,1991,597,2.96
190,SemiFinal,1993,995,1.03
191,32nd,2005,700,8.56
192,quarter_final,1991,127,6.06
193,16th,2001,1262,5.08
194,Final,2006,991,3.62
195,Final,2010,54,10.92
196,Final,2000,298,1.08
197,quarter_final,1991,1724,5.32
198,32nd,1986,428,2.9
199,quarter_final,2008,1735,8.83
200,Final,2012,953,2.21
201,SemiFinal,1998,1929,4.32
202,SemiFinal,2009,1760,7.21
203,32nd,2001,747,10.79
204,32nd,1999,334,5.06
205,SemiFinal,2003,1254,5.86
206,SemiFinal,2009,150,2.15
207,32nd,1992,254,2.8
208,32nd,2011,786,7.28
209,Final,2010,456,5.91
210,SemiFinal,2009,1505,5.53
211,32nd,1991,627,2.93
212,16th,2000,404,8.34
213,quarter_final,2012,923,10.15
214,32nd,2002,1597,9.76
215,SemiFinal,1998,1317,1.53
216,32nd,2005,172,5.01
217,SemiFinal,1992,1523,10.13
218,16th,1987,1185,5.84
219,16th,2014,743,5.78
220,quarter_final,2008,935,1.98
221,32nd,2007,1607,10.68
222,SemiFinal,1998,354,7.63
223,Final,1999,1468,7.26
224,16th,1988,1090,2.64
225,32nd,1988,1873,6.22
226,Final,2001,1230,8.29
227,Final,1991,1970,6.65
228,32nd,2006,1199,1.82
229,SemiFinal,1998,642,9.91
230,16th,2000,514,4.83
231,SemiFinal,2008,65,1.44
232,Final,2008,100,1.8
233,Final,2012,1679,8.68
234,16th,2007,1834,8.58
235,32nd,1997,973,7.73
236,32nd,2010,1655,2.58
237,Final,2013,1929,7.78
238,Final,1992,2026,5.73
239,16th,2001,1966,5.78
240,quarter_final,1990,93,10.76
241,32nd,1987,1022,8.35
242,16th,2008,485,3.44
243,SemiFinal,1988,1861,5.59
244,16th,1995,76,7.79
245,SemiFinal,2010,499,8.93
246,32nd,1992,1281,9.67
247,16th,1996,111,10.13
248,Final,1992,1880,7.49
249,16th,2004,743,5.55
250,32nd,1988,650,3.98
251,32nd,1988,1122,10.51
252,quarter_final,1991,1342,2.38
253,quarter_final,1995,1188,3.14
254,SemiFinal,2014,1006,6.72
255,SemiFinal,1991,1972,4.52
256,32nd,2001,1561,3.5
257,quarter_final,1997,652,8.24
258,quarter_final,2010,2010,5.65
259,SemiFinal,1987,1667,5.28
260,16th,2015,359,10.21
261,quarter_final,2000,1571,10.33
262,32nd,2015,817,9.38
263,SemiFinal,2003,1079,10.36
264,16th,2008,216,8.65
265,quarter_final,1993,2011,9.72
266,Final,1998,1144,10.13
267,Final,2003,383,6.39
268,Final,2002,1486,5.38
269,Final,2004,861,4.3
270,32nd,2006,1375,5.58
271,16th,1992,286,2.45
272,quarter_final,1989,130,5.81
273,32nd,2002,1551,2.21
274,Final,2014,1393,5.53
275,SemiFinal,1998,1557,8.9
276,SemiFinal,1997,1915,3.61
277,SemiFinal,1987,1460,7.37
278,Final,1994,91,5.42
279,Final,2012,2010,1.85
280,SemiFinal,1995,550,2.89
281,Final,2006,232,10.9
282,quarter_final,1990,718,7.49
283,Final,2011,1021,4.66
284,16th,2002,682,1.36
285,quarter_final,1995,1516,9.62
286,32nd,1990,1794,2.1
287,quarter_final,2000,811,6.09
288,16th,1997,2025,10.53
289,quarter_final,2009,1745,4.61
290,Final,2000,439,3.03
291,16th,1988,1225,3.35
292,SemiFinal,1988,190,5.36
293,16th,1989,375,8.83
294,SemiFinal,1999,1895,3.33
295,SemiFinal,2009,2026,3.4
296,quarter_final,2006,1498,7.42
297,quarter_final,1990,1202,1.84
298,32nd,1987,168,3.52
299,SemiFinal,1989,1742,10.8
300,32nd,2007,1001,1.65
301,SemiFinal,1994,2037,5.35
302,SemiFinal,1988,1745,3.09
303,quarter_final,2008,274,10.85
304,quarter_final,1994,1233,1.86
305,SemiFinal,1999,151,8.11
306,quarter_final,2005,599,7.62
307,Final,2008,1376,3.46
308,quarter_final,2014,761,8.13
309,32nd,1999,123,3.7
310,quarter_final,1990,372,4.01
311,SemiFinal,2009,116,1.22
312,SemiFinal,1991,557,10.98
313,16th,2012,1366,6.72
314,16th,1998,2033,7.58
315,32nd,1992,1458,5.41
316,SemiFinal,1987,326,4.04
317,Final,2014,778,1.69
318,16th,2010,230,1.35
319,SemiFinal,2010,1560,6.43
320,32nd,1995,86,2.15
321,quarter_final,1994,1044,9.84
322,quarter_final,2001,320,7.29
323,32nd,1993,1428,3.64
324,16th,2004,1754,7.87
325,Final,2007,1194,9.93
326,Final,1998,792,5.85
327,32nd,2010,1592,2.79
328,quarter_final,2008,711,10.27
329,Final,1999,124,4.54
330,32nd,2008,1970,10.94
331,quarter_final,1988,767,7.23
332,quarter_final,2012,226,10.6
333,16th,2008,728,2.21
334,SemiFinal,1990,578,3.04
335,Final,2010,428,1.84
336,32nd,1998,785,2.49
337,16th,1990,57,8.74
338,quarter_final,2003,1503,6.65
339,SemiFinal,1991,1710,2.2
340,Final,2015,1572,5.89
341,SemiFinal,1998,1741,9.02
342,16th,1997,477,8.32
343,16th,1994,579,9.05
344,quarter_final,2014,368,1.91
345,SemiFinal,1987,1553,2.07
346,Final,1998,429,1.08
347,16th,2000,1480,2.13
348,quarter_final,2006,1661,3.83
349,16th,2010,876,6.51
350,16th,2002,195,6.05
351,SemiFinal,2007,1583,4.55
352,quarter_final,2002,1347,8.66
353,16th,1991,1500,4.51
354,32nd,2012,1223,10.64
355,Final,2011,982,6.9
356,SemiFinal,2005,1943,1.25
357,32nd,2007,1786,10.55
358,SemiFinal,1993,755,3.95
359,quarter_final,2014,1323,8.3
360,SemiFinal,1995,1318,9.36
361,32nd,1994,1692,7.27
362,32nd,2011,155,8.34
363,Final,2007,1717,4.73
364,SemiFinal,1993,1317,5.98
365,SemiFinal,1996,832,7.03
366,SemiFinal,2003,1027,10.26
367,quarter_final,1992,493,5.43
368,SemiFinal,2010,1324,8.89
369,Final,1990,743,10.78
370,SemiFinal,1986,1824,5.3
371,16th,2006,2009,3.79
372,Final,1992,1146,6.25
373,Final,1990,199,9.53
374,Final,1994,1584,7.87
375,Final,1998,1390,8.7
376,SemiFinal,1993,1575,6.51
377,Final,2004,1837,9.53
378,SemiFinal,2012,1196,7.36
379,quarter_final,2009,570,5.16
380,16th,2013,1554,9.38
381,SemiFinal,1986,1236,3.73
382,16th,1992,1558,7.09
383,Final,1992,1300,4.24
384,quarter_final,2004,641,6.27
385,SemiFinal,2015,1029,7.67
386,SemiFinal,1993,659,6.57
387,Final,1988,169,10.27
388,Final,1999,971,3.21
389,16th,2011,409,1.19
390,SemiFinal,1994,251,3.53
391,quarter_final,2001,1444,4.41
392,SemiFinal,2008,1028,6.33
393,SemiFinal,2009,298,1.64
394,16th,2000,1274,5.31
395,32nd,1995,1608,5.58
396,SemiFinal,1990,1659,9.72
397,32nd,1994,1177,1.89
398,16th,1997,1384,7.14
399,SemiFinal,2013,915,9.72
400,SemiFinal,2006,926,1.67
401,16th,2011,579,6.15
402,quarter_final,2008,798,10.54
403,16th,1990,347,3.76
404,32nd,1989,109,4.18
405,32nd,1994,1086,10.09
406,32nd,1990,1504,7.11
407,quarter_final,2004,1696,10.3
408,32nd,2003,157,4.74
409,quarter_final,1995,318,7.97
410,32nd,2010,154,1.88
411,16th,2011,1629,7.04
412,SemiFinal,2011,1854,4.55
413,quarter_final,1986,1444,3.38
414,SemiFinal,1993,67,8.79
415,Final,2009,618,7.24
416,quarter_final,2007,464,2.48
417,16th,2011,1148,9.37
418,quarter_final,1997,1330,8.05
419,quarter_final,2015,1791,3.06
420,Final,1994,105,10.16
421,32nd,1997,1876,10.11
422,16th,1991,1848,10.53
423,SemiFinal,1986,163,5.85
424,16th,2010,464,6.96
425,16th,2004,1260,6.21
426,32nd,2000,1403,2.09
427,SemiFinal,1998,396,5.87
428,SemiFinal,2001,1130,6.3
429,quarter_final,2013,1398,7.72
430,32nd,1994,1483,1.29
431,quarter_final,1991,466,5.76
432,16th,1987,1325,7.6
433,quarter_final,2001,224,2.17
434,Final,2013,741,5.25
435,quarter_final,1993,1380,10.08
436,16th,2013,388,2.48
437,Final,2007,1553,5.71
438,16th,1986,738,10.22
439,32nd,1992,1315,6.09
440,Final,1996,606,4.02
441,32nd,2009,1876,3.89
442,32nd,1992,1839,4.38
443,16th,2012,875,5.05
444,16th,1997,902,3.8
445,SemiFinal,2004,1271,1.85
446,SemiFinal,2003,1399,5.94
447,Final,2004,1509,1.64
448,Final,1993,626,3.59
449,32nd,1997,1628,9.2
450,32nd,2007,358,8.25
451,16th,1990,1488,4.64
452,quarter_final,2004,1942,9.15
453,16th,1994,1900,1.12
454,Final,1992,1336,3.61
455,Final,1999,441,4.03
456,Final,1997,865,10.96
457,16th,1989,257,5.66
458,SemiFinal,1990,94,8.27
459,SemiFinal,1991,1071,5.92
460,Final,2009,623,10.11
461,SemiFinal,1990,398,10.17
462,32nd,1986,472,7.77
463,SemiFinal,1991,298,7.42
464,SemiFinal,1993,1799,6.64
465,Final,1987,1231,3.95
466,SemiFinal,2009,71,6.69
467,quarter_final,2009,1519,5.5
468,SemiFinal,2004,1290,7.89
469,32nd,1996,1099,6.23
470,quarter_final,2005,1521,3.53
471,32nd,2012,1482,8.07
472,quarter_final,2003,126,4.22
473,quarter_final,2007,55,10.55
474,32nd,2014,349,3.48
475,SemiFinal,2013,224,8.91
476,Final,2013,1287,7.59
477,SemiFinal,2005,1153,5.34
478,16th,1999,1667,6.43
479,SemiFinal,2009,1699,5.44
480,Final,1996,1705,9.75
481,32nd,1990,572,4.31
482,32nd,2014,1315,3.87
483,32nd,1987,904,5.61
484,32nd,2000,1043,10.06
485,32nd,2002,766,10.25
486,quarter_final,2010,1519,5.55
487,32nd,1986,994,2.52
488,quarter_final,2005,1398,2.98
489,16th,2010,107,9.39
490,32nd,2011,1809,4.79
491,16th,1988,1658,9.26
492,SemiFinal,1991,281,5.14
493,Final,2010,556,5.21
494,16th,2000,2021,6.04
495,quarter_final,1987,1955,1.63
496,SemiFinal,2003,771,8.22
497,SemiFinal,2002,665,3.06
498,32nd,1988,1835,8.36
499,SemiFinal,2006,1139,3.71
500,Final,1990,478,4.98
501,SemiFinal,2010,395,7.21
502,SemiFinal,2004,1744,8.89
503,quarter_final,2002,1072,6.88
504,16th,2010,1419,4.19
505,SemiFinal,1997,733,7.19
506,32nd,2011,1303,8.76
507,Final,2007,180,4.96
508,32nd,1992,942,9.61
509,SemiFinal,1995,1689,4.2
510,SemiFinal,2002,1189,5.81
511,Final,1999,521,10.38
512,32nd,1986,341,7.63
513,32nd,2000,508,6.03
514,Final,1992,617,2.58
515,16th,1992,1914,3.18
516,32nd,2002,265,9.21
517,SemiFinal,2014,1822,8.84
518,SemiFinal,1990,397,8.45
519,quarter_final,2012,2010,3.89
520,32nd,2007,496,2.46
521,32nd,1989,1526,7.16
522,32nd,2000,897,1.12
523,quarter_final,2013,1978,1.12
524,SemiFinal,1999,302,9.0
525,Final,2013,540,7.45
526,32nd,1992,707,7.84
527,SemiFinal,1987,243,1.64
528,SemiFinal,1987,1520,5.02
529,Final,1995,1575,8.84
530,quarter_final,1992,1338,7.91
531,quarter_final,2008,463,4.34
532,quarter_final,2013,1037,7.41
533,SemiFinal,2007,1806,3.39
534,32nd,2012,788,3.39
535,quarter_final,1994,338,4.16
536,quarter_final,2015,346,1.63
537,16th,1986,621,6.78
538,16th,2005,495,1.83
539,Final,2000,1713,1.59
540,16th,1989,103,2.15
541,16th,2002,1607,3.75
542,32nd,2015,1429,10.82
543,32nd,2010,276,2.97
544,Final,2010,403,3.36
545,32nd,1987,379,5.52
546,SemiFinal,2006,1557,3.03
547,quarter_final,1988,1251,3.84
548,32nd,2012,1256,8.67
549,32nd,2000,488,4.42
550,Final,1994,1490,2.15
551,32nd,1986,1463,7.19
552,Final,1994,741,2.15
553,16th,1993,1072,8.31
554,16th,1996,372,3.39
555,quarter_final,1999,540,2.76
556,SemiFinal,1986,545,2.74
557,Final,1991,1854,9.77
558,quarter_final,2011,829,10.19
559,quarter_final,1992,108,9.11
560,32nd,2003,1732,9.24
561,16th,1999,80,8.08
562,32nd,1989,1568,10.1
563,Final,2013,940,6.11
564,Final,2003,987,8.55
565,SemiFinal,2002,1474,10.58
566,quarter_final,1998,260,4.33
567,quarter_final,1986,1505,4.6
568,32nd,1989,1933,6.03
569,16th,2000,1571,8.16
570,Final,1992,1935,8.29
571,SemiFinal,2009,205,2.01
572,32nd,1990,2032,6.7
573,Final,2009,581,2.22
574,16th,2001,1969,1.12
575,Final,1993,445,7.15
576,16th,1997,1161,1.83
577,SemiFinal,2012,293,7.08
578,16th,1994,795,10.54
579,16th,1996,598,3.12
580,32nd,1991,529,3.89
581,Final,1986,1464,2.32
582,32nd,1997,792,2.94
583,quarter_final,2012,916,7.51
584,32nd,1995,1500,1.36
585,16th,2004,1813,7.55
586,SemiFinal,1992,1538,7.55
587,quarter_final,2001,87,1.81
588,16th,1996,64,9.77
589,32nd,1996,1797,4.42
590,32nd,1989,105,2.28
591,32nd,1987,1727,10.1
592,32nd,2004,894,9.94
593,SemiFinal,1989,72,1.21
594,16th,2012,1623,4.38
595,quarter_final,1989,1424,2.21
596,16th,2003,1244,5.24
597,Final,1992,1911,5.27
598,Final,1986,72,5.09
599,Final,1999,939,7.02
600,16th,1990,434,4.58
601,SemiFinal,2001,1770,7.9
602,16th,2005,1698,10.2
603,32nd,2000,352,10.54
604,SemiFinal,2006,1475,6.44
605,SemiFinal,1989,972,4.23
606,16th,1999,1277,5.46
607,32nd,1989,324,2.01
608,Final,1998,374,2.25
609,SemiFinal,2004,565,8.87
610,16th,1994,271,5.85
611,32nd,2000,1168,3.47
612,16th,2002,1540,7.56
613,quarter_final,2011,1751,3.38
614,quarter_final,2015,238,10.86
615,32nd,2006,161,2.61
616,SemiFinal,2001,1470,8.72
617,32nd,2001,1397,8.23
618,16th,2014,954,9.81
619,quarter_final,2012,1666,7.47
620,quarter_final,2015,206,7.24
621,quarter_final,2014,635,3.97
622,quarter_final,1991,1753,1.72
623,32nd,1986,1532,3.42
624,16th,2005,1838,8.54
625,SemiFinal,1994,1460,1.17
626,Final,1991,119,9.94
627,16th,2004,1282,3.29
628,16th,1995,1010,2.85
629,quarter_final,1990,184,2.73
630,Final,2014,1496,9.38
631,quarter_final,1992,1330,4.01
632,quarter_final,1996,1952,2.31
633,SemiFinal,1994,1538,7.73
634,quarter_final,2005,1481,5.41
635,32nd,1995,809,4.81
636,16th,2007,1378,10.76
637,Final,1994,1892,3.75
638,32nd,2006,1842,4.82
639,32nd,2010,1419,7.29
640,16th,1998,401,4.94
641,32nd,1997,638,3.48
642,quarter_final,2011,831,3.82
643,SemiFinal,2014,1646,1.34
644,16th,2007,403,4.58
645,SemiFinal,2000,843,7.46
646,quarter_final,2011,709,1.85
647,32nd,2008,1048,4.66
648,quarter_final,1996,1463,10.32
649,quarter_final,2001,202,2.79
650,SemiFinal,2002,411,10.15
651,Final,2005,1446,6.63
652,16th,2007,120,2.21
653,16th,1998,1549,7.32
654,SemiFinal,1994,1473,8.12
655,quarter_final,1989,541,9.19
656,Final,2003,342,9.75
657,16th,2010,1229,1.68
658,Final,1993,1575,6.67
659,32nd,2013,782,4.05
660,Final,1989,1041,5.98
661,Final,2006,878,10.89
662,32nd,1992,2006,4.77
663,quarter_final,2005,695,5.06
664,SemiFinal,2007,1442,8.53
665,32nd,1994,1236,4.82
666,32nd,1995,162,8.58
667,32nd,2012,274,7.61
668,SemiFinal,2009,833,10.59
669,32nd,1993,654,4.5
670,Final,1993,1894,6.1
671,SemiFinal,1995,251,3.46
672,32nd,2013,1639,7.47
673,SemiFinal,2015,1296,4.0
674,32nd,2006,1319,8.95
675,32nd,1989,1379,10.2
676,32nd,1989,51,7.54
677,SemiFinal,1999,105,9.05
678,32nd,2001,1932,9.79
679,16th,2003,1737,6.1
680,16th,1986,1961,5.72
681,16th,2010,1030,3.44
682,16th,2008,639,3.08
683,32nd,1991,1400,10.74
684,16th,2011,1592,4.27
685,32nd,1999,341,1.95
686,SemiFinal,1986,1909,1.57
687,quarter_final,2011,1165,4.38
688,32nd,1991,1297,10.54
689,SemiFinal,1999,1933,8.08
690,32nd,1996,1561,10.4
691,32nd,1992,597,5.0
692,32nd,1997,1212,10.41
693,32nd,1999,543,5.05
694,quarter_final,2008,1049,8.53
695,16th,1994,1943,2.81
696,16th,1998,1971,2.87
697,32nd,2001,540,1.56
698,SemiFinal,2007,254,5.44
699,16th,2013,1735,1.5
700,SemiFinal,2009,523,8.29
701,Final,1987,1522,10.13
702,32nd,1990,964,1.58
703,16th,2002,1576,7.68
704,16th,2005,1887,5.14
705,Final,1986,738,8.68
706,quarter_final,2013,313,3.62
707,32nd,1987,223,8.23
708,32nd,1986,1678,2.63
709,quarter_final,2014,1706,5.45
710,32nd,2007,738,8.65
711,16th,1992,1244,2.4
712,16th,1999,366,5.1
713,32nd,1991,272,10.94
714,Final,2005,168,6.27
715,Final,2002,1035,4.52
716,SemiFinal,2012,82,3.3
717,16th,2006,119,6.47
718,SemiFinal,1997,1477,10.98
719,quarter_final,2010,329,2.83
720,32nd,1987,758,6.41
721,SemiFinal,1992,1943,2.83
722,32nd,2002,1363,10.59
723,16th,2005,194,2.35
724,Final,2002,1349,2.91
725,SemiFinal,2008,446,10.21
726,Final,1986,1520,10.35
727,SemiFinal,1993,1187,7.32
728,quarter_final,1987,1179,1.73
729,SemiFinal,1988,1674,3.75
730,quarter_final,2007,1311,2.44
731,Final,1990,986,5.02
732,32nd,2007,1979,6.79
733,16th,1988,726,1.35
734,quarter_final,2005,1273,9.61
735,32nd,1994,912,2.44
736,SemiFinal,1991,612,1.15
737,16th,1996,1101,4.57
738,32nd,2007,60,10.84
739,quarter_final,1990,1960,2.47
740,quarter_final,2014,362,8.57
741,32nd,2010,1335,7.92
742,Final,1995,707,2.58
743,32nd,2008,975,7.64
744,32nd,1988,329,9.51
745,32nd,2000,1867,1.3
746,32nd,2015,950,2.91
747,Final,2003,897,8.99
748,16th,2008,485,6.87
749,16th,2007,290,6.07
750,16th,1987,603,7.55
751,Final,2014,1659,1.91
752,16th,2004,1394,2.42
753,SemiFinal,2011,1686,3.77
754,SemiFinal,1991,1464,6.54
755,32nd,1990,549,7.41
756,SemiFinal,1990,1480,1.21
757,16th,2014,84,6.21
758,32nd,2005,2028,3.7
759,Final,2014,947,3.83
760,SemiFinal,2015,787,10.69
761,32nd,1989,839,3.01
762,quarter_final,1993,1636,8.85
763,32nd,2013,1301,2.08
764,32nd,1993,1215,7.73
765,32nd,1994,81,10.27
766,Final,2008,117,1.36
767,16th,1990,177,5.64
768,quarter_final,2006,1159,8.39
769,Final,1998,655,10.71
770,32nd,2009,929,3.14
771,32nd,2004,1147,2.64
772,quarter_final,2008,786,2.88
773,SemiFinal,2011,1677,2.64
774,Final,1987,342,4.33
775,32nd,2012,1359,9.29
776,SemiFinal,2012,365,4.71
777,16th,2012,57,5.25
778,Final,1999,333,4.75
779,quarter_final,1996,1954,10.93
780,quarter_final,2015,1839,3.63
781,Final,2011,75,3.36
782,quarter_final,1992,898,2.73
783,16th,2006,859,10.88
784,16th,1986,840,1.81
785,quarter_final,2012,722,5.0
786,Final,1997,1893,1.56
787,32nd,2009,485,3.05
788,32nd,2012,591,4.66
789,SemiFinal,2014,465,9.64
790,Final,2005,1626,10.23
791,Final,2010,2031,1.16
792,SemiFinal,2004,1674,8.86
793,quarter_final,2002,1612,7.64
794,Final,2002,1267,4.65
795,16th,2002,1618,10.48
796,16th,2002,429,1.47
797,Final,1996,1068,2.35
798,32nd,1988,682,7.96
799,SemiFinal,2006,1843,8.6
800,SemiFinal,2014,1832,7.67
801,Final,1987,855,7.28
802,Final,2003,1654,5.04
803,SemiFinal,1997,2023,5.94
804,Final,2011,571,8.33
805,SemiFinal,2001,419,10.77
806,SemiFinal,2014,1567,9.79
807,SemiFinal,2004,282,2.14
808,SemiFinal,1991,615,5.38
809,Final,2011,2016,5.92
810,quarter_final,2011,1743,5.74
811,quarter_final,1987,2038,8.41
812,quarter_final,2015,505,4.59
813,SemiFinal,2012,2016,2.87
814,16th,1994,1935,8.57
815,quarter_final,2005,312,6.1
816,SemiFinal,2000,539,7.1
817,16th,1992,219,6.28
818,16th,1999,1259,8.13
819,SemiFinal,1994,1542,8.87
820,SemiFinal,2001,341,1.85
821,quarter_final,1991,1088,1.76
822,16th,1995,416,9.51
823,Final,1994,860,8.81
824,16th,2005,1594,8.28
825,Final,1987,1562,1.67
826,quarter_final,1989,1043,2.12
827,32nd,1992,1884,6.38
828,32nd,2009,1397,8.5
829,16th,2000,865,5.12
830,16th,2013,399,7.2
831,16th,1997,1409,5.91
832,Final,1998,1189,3.56
833,16th,1995,1882,2.44
834,32nd,1986,1306,6.53
835,16th,2001,720,7.96
836,quarter_final,2013,788,9.59
837,32nd,2002,922,2.39
838,quarter_final,1999,1951,7.4
839,16th,1992,1088,9.17
840,32nd,2014,744,2.54
841,Final,2005,971,10.99
842,SemiFinal,1992,1895,8.33
843,Final,2012,692,10.85
844,32nd,1992,835,2.12
845,SemiFinal,1990,196,2.38
846,Final,2013,1215,9.31
847,SemiFinal,2003,76,9.62
848,32nd,2003,1501,3.95
849,16th,2003,346,8.42
850,SemiFinal,2004,479,1.23
851,SemiFinal,2002,447,2.71
852,SemiFinal,1991,648,5.67
853,32nd,1995,1772,8.94
854,SemiFinal,2010,1089,6.62
855,32nd,1996,1452,5.22
856,quarter_final,1998,344,2.43
857,Final,2015,473,2.51
858,quarter_final,2010,1314,8.38
859,quarter_final,2003,1934,4.64
860,16th,2003,1453,3.01
861,Final,2000,1787,10.45
862,SemiFinal,1997,1371,10.32
863,32nd,2015,1302,6.98
864,16th,2012,516,10.02
865,16th,1987,297,3.51
866,SemiFinal,2003,567,3.38
867,SemiFinal,1989,338,7.78
868,32nd,1987,437,7.33
869,SemiFinal,1996,1809,2.39
870,SemiFinal,2010,1876,6.16
871,quarter_final,1993,90,7.9
872,32nd,1998,80,9.78
873,32nd,2010,125,8.19
874,Final,1986,407,2.39
875,quarter_final,2000,664,5.45
876,32nd,1994,1724,8.57
877,16th,2004,614,4.48
878,16th,1990,1819,2.9
879,SemiFinal,2005,1402,10.56
880,quarter_final,1990,379,1.34
881,SemiFinal,2004,1026,9.38
882,16th,2013,1861,5.61
883,Final,1988,1125,9.4
884,SemiFinal,2007,875,6.28
885,16th,1993,1373,5.23
886,SemiFinal,2012,1973,3.1
887,32nd,2004,1940,8.68
888,32nd,1997,777,4.5
889,SemiFinal,2014,883,9.92
890,SemiFinal,2013,668,8.05
891,16th,1990,1208,10.1
892,SemiFinal,1998,236,4.74
893,Final,2002,455,6.86
894,32nd,2013,1527,9.72
895,quarter_final,2012,1728,1.25
896,quarter_final,1995,280,3.77
897,16th,2008,1667,8.05
898,Final,1988,1068,9.99
899,quarter_final,1999,1608,6.07
900,32nd,2002,147,9.95
901,quarter_final,1998,725,8.79
902,SemiFinal,1996,1858,5.58
903,32nd,1999,834,2.87
904,quarter_final,2010,252,2.84
905,16th,2001,2012,10.81
906,SemiFinal,2015,110,3.05
907,32nd,2008,577,3.75
908,SemiFinal,2007,358,1.95
909,Final,2001,871,3.29
910,16th,1988,355,7.14
911,16th,2014,1206,3.09
912,SemiFinal,2012,379,2.84
913,32nd,1992,1674,2.98
914,16th,1990,1070,8.23
915,Final,2013,1003,3.55
916,quarter_final,2000,1665,8.86
917,SemiFinal,1988,652,9.27
918,SemiFinal,2011,343,8.53
919,quarter_final,2014,1067,3.35
920,Final,1998,1166,3.66
921,16th,2003,1449,9.72
922,Final,1990,1711,3.57
923,quarter_final,2012,1615,5.8
924,SemiFinal,1992,1854,6.38
925,32nd,2013,600,8.27
926,32nd,1995,1150,6.43
927,32nd,2012,2006,10.19
928,quarter_final,2005,933,3.16
929,32nd,1990,1905,7.68
930,Final,2005,225,4.85
931,16th,2014,1919,9.96
932,SemiFinal,1993,1082,5.22
933,32nd,1992,1261,10.23
934,16th,1995,528,2.01
935,Final,2009,1997,4.94
936,16th,2015,149,9.33
937,SemiFinal,1991,808,5.76
938,Final,2002,2024,5.18
939,quarter_final,2006,156,10.24
940,quarter_final,1987,794,2.07
941,32nd,2007,1842,6.17
942,SemiFinal,1987,1619,3.99
943,SemiFinal,1997,1453,5.59
944,quarter_final,2011,1180,4.36
945,SemiFinal,2005,1745,10.95
946,SemiFinal,1996,808,3.77
947,SemiFinal,2014,1443,10.15
948,32nd,1998,902,10.59
949,32nd,1986,404,10.55
950,quarter_final,2010,419,5.42
951,32nd,1989,1799,1.45
952,SemiFinal,1988,2037,1.44
953,Final,1993,1668,1.77
954,32nd,1996,1851,3.12
955,Final,1993,943,4.42
956,Final,1991,603,8.87
957,16th,1997,1873,1.18
958,SemiFinal,2011,1128,7.19
959,32nd,1998,1998,3.0
960,16th,1992,1489,8.47
961,16th,2004,481,9.55
962,quarter_final,2006,738,10.11
963,32nd,1986,1997,5.38
964,SemiFinal,1993,534,5.71
965,SemiFinal,2012,349,6.65
966,Final,1989,1272,10.54
967,32nd,1999,1430,4.26
968,SemiFinal,2001,957,6.29
969,Final,2015,1241,8.44
970,SemiFinal,2010,315,2.62
971,16th,1990,1726,6.01
972,SemiFinal,2000,619,10.95
973,quarter_final,2002,887,5.0
974,32nd,2007,1883,10.1
975,quarter_final,2012,1355,3.31
976,SemiFinal,2012,379,10.1
977,Final,2012,1799,6.53
978,SemiFinal,2002,858,10.69
979,32nd,1995,1989,8.92
980,32nd,1995,404,10.44
981,quarter_final,2013,574,5.85
982,SemiFinal,2001,944,9.86
983,Final,2014,57,10.16
984,Final,2005,1719,7.67
985,quarter_final,1999,201,8.17
986,32nd,2007,223,8.57
987,Final,1996,1945,10.47
988,Final,2015,1958,9.79
989,Final,2013,150,8.36
990,SemiFinal,2015,1054,4.35
991,SemiFinal,2015,1059,1.94
992,16th,1994,1660,10.7
993,SemiFinal,2011,962,10.59
994,16th,2012,1520,10.23
995,16th,1988,1340,9.22
996,SemiFinal,1994,503,1.95
997,32nd,2005,1495,10.84
998,Final,1991,1486,4.32
999,16th,1996,531,6.93
1000,Final,2000,534,3.02
1001,16th,2013,1965,10.55
1002,16th,1995,1724,9.35
1003,quarter_final,2005,1141,7.45
1004,quarter_final,1990,1135,9.48
1005,32nd,2010,717,5.25
1006,Final,1996,551,4.47
1007,quarter_final,1994,467,10.79
1008,32nd,2015,1323,8.52
1009,16th,2015,893,9.0
1010,16th,2001,515,10.35
1011,SemiFinal,2012,1447,3.31
1012,32nd,1987,1864,1.5
1013,Final,1997,222,6.9
1014,SemiFinal,2009,358,4.52
1015,SemiFinal,1999,653,1.72
1016,quarter_final,1994,808,5.87
1017,32nd,2005,301,3.0
1018,SemiFinal,2003,1447,3.57
1019,32nd,2009,1857,3.82
1020,SemiFinal,1987,199,1.48
1021,32nd,2015,1174,8.66
1022,Final,2010,815,6.02
1023,quarter_final,1992,695,1.37
1024,32nd,1986,656,4.39
1025,16th,2015,531,5.24
1026,16th,1988,1400,2.8
1027,SemiFinal,1996,1079,7.24
1028,Final,2009,1752,6.22
1029,16th,2013,1878,6.34
1030,quarter_final,1991,892,2.51
1031,16th,2011,1085,1.56
1032,Final,2007,2040,8.52
1033,16th,1997,933,5.75
1034,SemiFinal,1992,1547,7.33
1035,16th,1991,479,1.77
1036,16th,1988,1010,9.32
1037,quarter_final,2014,1424,6.34
1038,32nd,2014,68,5.85
1039,quarter_final,2011,1645,9.06
1040,quarter_final,1999,1184,10.39
1041,16th,1998,1466,3.18
1042,Final,1996,1844,4.55
1043,SemiFinal,2008,413,8.62
1044,32nd,2015,1457,7.03
1045,32nd,1994,162,10.36
1046,SemiFinal,2013,1382,4.31
1047,16th,2001,725,6.15
1048,16th,2000,1017,10.52
1049,Final,2010,719,4.7
1050,Final,2001,722,7.84
1051,32nd,2002,1629,9.3
1052,Final,1987,1104,1.48
1053,Final,2015,1448,7.91
1054,quarter_final,2012,933,4.06
1055,SemiFinal,1993,1720,2.91
1056,Final,1998,225,10.27
1057,quarter_final,2006,1965,10.99
1058,32nd,1991,493,5.93
1059,32nd,2003,946,5.78
1060,Final,1999,1606,4.52
1061,quarter_final,1986,321,8.78
1062,quarter_final,1998,163,4.91
1063,16th,2003,847,9.65
1064,quarter_final,1986,1742,2.96
1065,16th,2013,893,4.03
1066,16th,2012,1247,1.85
1067,SemiFinal,2000,1601,5.51
1068,SemiFinal,1988,157,7.02
1069,32nd,2013,1826,3.43
1070,SemiFinal,2009,1426,3.54
1071,SemiFinal,1994,1101,3.29
1072,Final,1988,1182,9.73
1073,32nd,1996,1679,8.5
1074,quarter_final,2010,851,3.78
1075,32nd,2010,1433,10.44
1076,quarter_final,2007,822,4.38
1077,Final,1993,1492,6.66
1078,quarter_final,1999,1751,1.63
1079,32nd,2012,615,1.98
1080,SemiFinal,1990,1283,1.17
1081,Final,1998,742,3.57
1082,SemiFinal,2001,1936,6.34
1083,16th,1999,1257,7.03
1084,Final,1988,1680,7.71
1085,32nd,1999,1222,10.23
1086,SemiFinal,2006,802,9.72
1087,quarter_final,2014,374,4.12
1088,16th,1993,646,9.53
1089,quarter_final,2011,1143,10.43
1090,Final,2001,877,1.7
1091,quarter_final,2002,1511,10.72
1092,Final,2011,1768,7.33
1093,Final,1999,1988,6.76
1094,SemiFinal,2014,834,9.82
1095,Final,2014,606,9.88
1096,quarter_final,2011,1898,1.77
1097,SemiFinal,1997,644,9.71
1098,16th,2001,1652,3.39
1099,SemiFinal,1986,1063,2.56
1100,SemiFinal,2005,348,9.64
1101,32nd,1998,1396,6.87
1102,quarter_final,1993,399,1.15
1103,16th,2012,785,6.4
1104,32nd,2004,1554,6.49
1105,16th,1997,1885,7.5
1106,16th,2006,980,10.72
1107,SemiFinal,2015,1885,3.87
1108,SemiFinal,1991,1760,8.89
1109,quarter_final,2015,1433,1.03
1110,16th,1995,1970,6.82
1111,SemiFinal,1997,112,7.17
1112,quarter_final,2009,838,6.71
1113,16th,1996,580,2.88
1114,SemiFinal,1991,177,8.62
1115,32nd,1991,1179,8.86
1116,quarter_final,2003,1379,9.95
1117,32nd,2012,394,10.19
1118,Final,1986,1887,8.92
1119,Final,1986,2004,8.45
1120,32nd,1986,198,4.38
1121,SemiFinal,1997,1462,10.58
1122,Final,2008,1653,6.7
1123,16th,2005,1659,1.36
1124,16th,2010,1548,1.88
1125,quarter_final,1994,1991,4.58
1126,Final,1987,92,3.77
1127,SemiFinal,2010,1867,5.82
1128,SemiFinal,1993,1468,7.19
1129,32nd,1999,1205,7.99
1130,Final,1991,898,5.67
1131,quarter_final,2014,1883,5.88
1132,quarter_final,2005,865,8.46
1133,quarter_final,2011,1700,5.46
1134,quarter_final,2000,2009,4.43
1135,32nd,2011,535,10.09
1136,32nd,2014,807,2.91
1137,Final,2002,1268,3.48
1138,Final,1997,189,3.18
1139,quarter_final,1995,736,10.39
1140,Final,1986,2029,5.24
1141,quarter_final,2009,1233,3.32
1142,Final,1995,567,2.1
1143,32nd,1988,506,6.78
1144,32nd,2010,605,5.05
1145,16th,2012,288,4.99
1146,quarter_final,2000,562,1.86
1147,Final,1996,122,1.8
1148,quarter_final,1986,1612,9.36
1149,32nd,1998,1115,3.03
1150,16th,1992,1085,2.77
1151,quarter_final,1990,759,8.98
1152,SemiFinal,1996,817,10.6
1153,32nd,2010,857,7.95
1154,SemiFinal,1993,814,2.03
1155,Final,2002,927,3.79
1156,quarter_final,2009,1505,2.68
1157,Final,2007,155,5.28
1158,SemiFinal,2009,1735,7.36
1159,32nd,2010,1533,1.67
1160,16th,1991,442,9.5
1161,Final,1999,1647,3.24
1162,32nd,2014,214,3.07
1163,Final,2009,1243,3.5
1164,32nd,2007,1037,7.52
1165,quarter_final,1992,1215,4.31
1166,16th,2006,1581,3.97
1167,Final,2005,1682,9.35
1168,SemiFinal,2006,1956,7.91
1169,quarter_final,2014,1117,4.91
1170,16th,2015,1255,5.89
1171,Final,2001,1591,3.99
1172,32nd,2002,482,3.29
1173,SemiFinal,2003,398,2.7
1174,32nd,1999,975,7.1
1175,Final,1992,497,10.65
1176,quarter_final,2008,737,5.57
1177,Final,2002,1870,7.69
1178,Final,2004,963,6.38
1179,SemiFinal,2007,755,7.08
1180,16th,1994,636,3.07
1181,Final,2001,1895,2.27
1182,quarter_final,2004,1232,9.44
1183,Final,2009,1570,7.35
1184,16th,1988,1758,8.51
1185,16th,2012,656,1.33
1186,16th,2002,1353,3.22
1187,16th,1989,873,4.48
1188,32nd,2015,811,5.52
1189,quarter_final,2001,481,2.54
1190,Final,1997,1925,8.02
1191,quarter_final,2003,169,10.55
1192,32nd,1995,337,4.33
1193,SemiFinal,1994,1512,1.43
1194,SemiFinal,1995,1340,7.65
1195,Final,1995,891,3.01
1196,quarter_final,2000,1020,8.26
1197,SemiFinal,2008,698,4.18
1198,Final,1986,1062,4.96
1199,32nd,2010,805,2.12
1200,32nd,2006,1926,7.85
1201,Final,1999,1209,2.08
1202,SemiFinal,1990,1975,5.89
1203,32nd,2012,1231,5.07
1204,32nd,1987,2008,2.8
1205,SemiFinal,1999,399,9.93
1206,32nd,2004,1771,6.16
1207,SemiFinal,2012,1993,4.01
1208,Final,2008,297,7.47
1209,quarter_final,2010,1733,10.63
1210,SemiFinal,1992,1703,8.81
1211,SemiFinal,1993,1405,9.9
1212,Final,2009,595,10.47
1213,16th,1991,1899,5.35
1214,Final,2007,180,10.54
1215,SemiFinal,2015,1945,4.44
1216,Final,1989,318,8.51
1217,quarter_final,2008,1765,4.5
1218,quarter_final,1987,1559,6.58
1219,16th,2013,471,6.35
1220,quarter_final,1987,636,3.23
1221,SemiFinal,2008,1877,6.67
1222,Final,2012,286,6.15
1223,16th,2006,2029,5.93
1224,SemiFinal,2013,1324,9.9
1225,SemiFinal,2005,1554,7.88
1226,SemiFinal,2012,1241,8.41
1227,16th,1991,352,7.59
1228,SemiFinal,2003,1020,10.95
1229,32nd,1986,58,9.27
1230,32nd,1996,1281,5.66
1231,Final,2009,1279,6.33
1232,16th,1995,215,1.53
1233,SemiFinal,2015,336,5.24
1234,Final,2010,1188,2.71
1235,quarter_final,1996,600,4.0
1236,Final,1990,650,7.63
1237,16th,1996,1938,8.59
1238,SemiFinal,2014,305,7.1
1239,SemiFinal,2014,1539,2.56
1240,Final,2014,1668,1.25
1241,SemiFinal,2015,477,7.25
1242,quarter_final,1992,196,2.28
1243,32nd,1989,325,8.5
1244,SemiFinal,2011,1536,7.27
1245,quarter_final,1994,203,9.56
1246,Final,2006,200,8.1
1247,16th,2008,1637,8.53
1248,16th,1992,665,10.77
1249,quarter_final,1999,964,10.87
1250,SemiFinal,2004,625,2.97
1251,Final,1988,1352,7.24
1252,32nd,1999,1779,7.69
1253,SemiFinal,2003,1152,5.48
1254,SemiFinal,2000,1956,8.4
1255,quarter_final,1995,947,3.69
1256,32nd,1999,216,5.37
1257,Final,1997,661,9.55
1258,quarter_final,2007,1518,4.41
1259,quarter_final,2010,259,5.21
1260,SemiFinal,2009,411,7.26
1261,Final,2009,1550,3.7
1262,32nd,2015,1501,8.39
1263,16th,2006,874,10.55
1264,32nd,2015,1419,1.83
1265,16th,2005,1908,2.8
1266,16th,2005,558,8.23
1267,32nd,1990,1514,10.33
1268,SemiFinal,1986,2050,9.53
1269,SemiFinal,1989,884,4.15
1270,SemiFinal,2006,847,7.99
1271,Final,1993,1794,6.54
1272,32nd,2015,461,4.71
1273,quarter_final,1997,301,3.96
1274,SemiFinal,2003,1734,9.75
1275,SemiFinal,2012,529,8.28
1276,32nd,2011,276,6.71
1277,SemiFinal,2015,1203,8.81
1278,quarter_final,1997,1602,3.77
1279,16th,1990,1477,9.38
1280,Final,2006,1729,4.91
1281,SemiFinal,1988,1389,5.04
1282,32nd,2011,1667,10.11
1283,32nd,1991,1257,3.84
1284,Final,2005,1750,2.96
1285,32nd,2014,1023,4.35
1286,16th,2007,1511,2.53
1287,quarter_final,1988,1450,9.74
1288,16th,2013,1089,9.3
1289,32nd,2007,1970,8.7
1290,Final,2002,326,10.37
1291,Final,2009,463,3.82
1292,Final,2014,1343,3.96
1293,SemiFinal,1988,152,7.4
1294,Final,1995,799,2.83
1295,Final,1986,170,9.08
1296,SemiFinal,1988,2006,1.63
1297,16th,1994,382,8.66
1298,quarter_final,2005,471,10.28
1299,quarter_final,1998,300,2.1
1300,quarter_final,2006,528,6.33
1301,SemiFinal,2006,407,10.71
1302,Final,1992,554,2.39
1303,quarter_final,1988,1027,6.26
1304,quarter_final,2014,463,9.53
1305,Final,2007,248,2.53
1306,16th,1996,1753,1.98
1307,16th,2006,1193,7.28
1308,quarter_final,1988,950,2.97
1309,SemiFinal,2013,1070,5.71
1310,Final,1996,1971,10.51
1311,16th,2005,91,1.69
1312,quarter_final,1998,966,8.83
1313,32nd,1988,815,1.34
1314,quarter_final,2007,114,5.99
1315,Final,2004,1813,5.82
1316,quarter_final,2008,396,1.83
1317,quarter_final,1994,1090,10.56
1318,32nd,1989,1636,2.78
1319,SemiFinal,2012,1661,7.15
1320,quarter_final,2013,1754,2.49
1321,16th,1989,1753,1.1
1322,SemiFinal,1989,447,6.99
1323,quarter_final,1998,222,10.18
1324,quarter_final,2010,1866,9.25
1325,SemiFinal,1991,1834,1.55
1326,32nd,2002,1889,10.67
1327,quarter_final,1993,1281,9.11
1328,32nd,1994,75,7.09
1329,SemiFinal,2008,626,10.57
1330,quarter_final,2013,861,8.21
1331,SemiFinal,2010,1712,8.93
1332,32nd,2015,674,3.32
1333,16th,1988,174,9.94
1334,Final,1999,1004,7.81
1335,quarter_final,2013,713,7.73
1336,32nd,1992,784,7.27
1337,Final,2013,191,6.74
1338,SemiFinal,2004,997,5.34
1339,32nd,2003,1718,8.46
1340,SemiFinal,2015,580,8.09
1341,SemiFinal,1997,1608,8.93
1342,Final,2010,500,3.32
1343,SemiFinal,1991,1994,10.69
1344,32nd,1994,125,5.37
1345,SemiFinal,2007,1802,2.68
1346,Final,2007,1169,3.17
1347,32nd,1995,947,10.72
1348,Final,2004,727,7.77
1349,16th,1996,1849,6.65
1350,32nd,2009,1124,6.32
1351,quarter_final,2009,174,1.81
1352,quarter_final,1988,536,1.67
1353,quarter_final,1995,1564,9.14
1354,16th,1999,509,5.71
1355,SemiFinal,2002,991,10.96
1356,SemiFinal,2000,1316,3.76
1357,Final,2000,779,1.29
1358,SemiFinal,2005,1150,5.92
1359,32nd,1986,1499,8.7
1360,quarter_final,1991,1834,2.03
1361,SemiFinal,1999,1754,3.44
1362,SemiFinal,2000,1095,2.83
1363,SemiFinal,1998,70,9.55
1364,quarter_final,1990,2027,10.58
1365,quarter_final,1992,1248,2.58
1366,SemiFinal,2006,1335,5.04
1367,16th,1999,637,4.62
1368,16th,1993,1365,10.6
1369,SemiFinal,2006,447,4.12
1370,quarter_final,2014,907,9.88
1371,32nd,1995,529,3.1
1372,16th,1995,778,9.35
1373,Final,1996,1903,8.6
1374,quarter_final,1991,1485,4.08
1375,quarter_final,2003,1447,2.6
1376,16th,2002,1000,7.04
1377,Final,1996,1718,3.08
1378,32nd,2012,1548,3.62
1379,SemiFinal,1999,535,11.0
1380,quarter_final,2015,474,9.95
1381,quarter_final,2001,921,8.16
1382,SemiFinal,1988,319,10.56
1383,16th,2001,1149,7.95
1384,SemiFinal,2009,1901,4.85
1385,16th,2012,1303,10.53
1386,16th,2002,1719,2.64
1387,16th,2012,1963,5.14
1388,SemiFinal,1991,1570,1.99
1389,Final,1994,160,8.22
1390,32nd,2004,1192,2.45
1391,quarter_final,2011,1084,10.2
1392,32nd,2000,960,5.34
1393,16th,1996,1876,3.07
1394,SemiFinal,2012,1033,6.13
1395,SemiFinal,2012,968,7.12
1396,32nd,1995,625,7.05
1397,SemiFinal,2008,146,1.13
1398,16th,2008,185,2.55
1399,16th,1997,1422,10.06
1400,Final,1989,367,6.11
1401,Final,2002,139,6.21
1402,quarter_final,2006,642,6.78
1403,32nd,2003,1756,3.06
1404,quarter_final,1997,953,2.27
1405,32nd,1998,1214,8.11
1406,Final,2012,747,5.08
1407,Final,2011,1027,2.51
1408,quarter_final,1998,1739,2.69
1409,SemiFinal,2005,284,1.44
1410,SemiFinal,1992,920,2.53
1411,Final,2001,954,5.0
1412,quarter_final,1986,960,6.09
1413,16th,1996,513,2.81
1414,quarter_final,2011,1441,4.56
1415,quarter_final,1994,1228,2.88
1416,Final,1992,808,1.92
1417,Final,2002,792,3.06
1418,16th,2000,1832,4.58
1419,SemiFinal,2003,1447,6.85
1420,16th,2003,1302,10.97
1421,32nd,2007,532,7.95
1422,Final,1987,822,2.48
1423,32nd,1998,1175,3.42
1424,Final,1990,1996,1.69
1425,SemiFinal,1995,1194,7.96
1426,32nd,2009,1700,9.45
1427,32nd,2013,101,7.78
1428,16th,1990,1840,6.78
1429,Final,2006,821,4.32
1430,quarter_final,1992,1256,3.24
1431,16th,1987,458,1.54
1432,Final,1994,282,6.29
1433,32nd,2008,1773,5.85
1434,SemiFinal,1994,102,6.18
1435,16th,2007,139,8.24
1436,quarter_final,1998,727,8.5
1437,16th,2008,1215,9.09
1438,32nd,1988,1213,1.68
1439,32nd,2014,1381,4.35
1440,Final,2009,1113,3.64
1441,16th,1986,345,7.31
1442,quarter_final,2004,208,1.52
1443,32nd,1994,1662,9.21
1444,SemiFinal,2002,944,10.67
1445,quarter_final,2003,167,1.02
1446,quarter_final,2002,861,5.97
1447,Final,1991,870,9.96
1448,Final,2010,1781,6.22
1449,SemiFinal,1991,1430,10.47
1450,quarter_final,2000,1264,1.88
1451,32nd,2011,788,9.48
1452,32nd,1989,704,6.9
1453,16th,1988,858,3.89
1454,16th,1991,1416,5.24
1455,SemiFinal,2008,542,5.92
1456,SemiFinal,2014,1368,8.62
1457,quarter_final,2001,859,7.91
1458,quarter_final,2008,1298,9.94
1459,16th,1996,892,1.41
1460,Final,2013,1830,8.89
1461,SemiFinal,1992,1772,4.07
1462,Final,2005,544,3.06
1463,Final,1986,789,8.28
1464,Final,1997,1363,3.42
1465,SemiFinal,2002,310,1.17
1466,Final,1986,1310,2.2
1467,Final,1998,506,8.36
1468,32nd,1997,1105,3.59
1469,quarter_final,1992,1940,4.86
1470,quarter_final,2014,198,7.94
1471,Final,1989,592,3.2
1472,Final,1991,226,8.62
1473,quarter_final,2012,664,8.89
1474,16th,2003,1372,10.86
1475,quarter_final,2001,892,7.96
1476,Final,2010,1326,6.43
1477,16th,2009,2046,10.08
1478,16th,2011,1812,6.99
1479,SemiFinal,2015,876,2.03
1480,quarter_final,1988,1369,3.91
1481,quarter_final,1991,547,10.23
1482,Final,2003,787,6.41
1483,Final,1994,1069,8.44
1484,quarter_final,2011,738,9.32
1485,16th,2000,1373,10.61
1486,32nd,2003,649,4.55
1487,quarter_final,2009,388,4.99
1488,SemiFinal,1997,873,5.28
1489,16th,2006,826,1.52
1490,SemiFinal,1986,1419,10.49
1491,32nd,2010,809,3.55
1492,16th,2014,1387,10.8
1493,32nd,1992,612,4.66
1494,32nd,1993,1001,8.88
1495,32nd,1989,603,6.18
1496,SemiFinal,1997,167,3.42
1497,Final,1996,974,6.32
1498,32nd,2015,1537,1.11
1499,SemiFinal,2009,1773,2.12
1500,16th,1986,1871,7.11
1501,16th,1990,1326,2.51
1502,quarter_final,2012,1934,6.12
1503,16th,2007,761,8.3
1504,SemiFinal,1992,600,5.3
1505,quarter_final,2002,728,7.7
1506,32nd,2004,1297,10.08
1507,SemiFinal,2014,1048,6.73
1508,16th,2008,568,4.99
1509,quarter_final,1994,1767,9.27
1510,32nd,2010,1549,1.44
1511,SemiFinal,2007,1813,7.34
1512,quarter_final,1988,1986,2.79
1513,quarter_final,1990,1424,7.93
1514,Final,2003,724,5.74
1515,quarter_final,2014,612,4.25
1516,32nd,2009,1966,8.91
1517,SemiFinal,1995,447,5.36
1518,quarter_final,2003,1695,4.86
1519,quarter_final,1999,1363,2.27
1520,SemiFinal,1987,100,9.76
1521,Final,1991,1607,6.72
1522,quarter_final,2005,1781,3.03
1523,16th,1996,1248,9.43
1524,Final,2009,1898,7.77
1525,quarter_final,1999,224,7.46
1526,Final,1999,882,3.06
1527,SemiFinal,2012,930,4.18
1528,quarter_final,2007,1925,10.21
1529,16th,2010,1796,6.77
1530,quarter_final,1994,1476,4.76
1531,SemiFinal,1999,713,4.75
1532,16th,2004,1559,2.78
1533,Final,1987,1816,5.9
1534,16th,1991,133,4.21
1535,quarter_final,2003,1012,5.72
1536,32nd,1997,1473,5.3
1537,16th,1989,1667,10.2
1538,32nd,2010,798,10.48
1539,quarter_final,2010,1558,5.08
1540,quarter_final,2005,1969,7.2
1541,16th,2008,513,8.79
1542,16th,2003,144,3.75
1543,quarter_final,1991,1496,9.83
1544,Final,2010,1710,3.44
1545,quarter_final,2006,1306,9.73
1546,16th,1988,823,9.1
1547,32nd,1987,255,8.34
1548,Final,2003,941,2.45
1549,32nd,2014,981,5.75
1550,16th,1995,1617,3.46
1551,Final,2006,319,2.86
1552,quarter_final,2014,651,7.08
1553,SemiFinal,1988,1752,2.12
1554,32nd,1987,1747,4.63
1555,16th,2002,1224,9.28
1556,32nd,2014,1556,3.45
1557,16th,1995,1045,1.77
1558,quarter_final,1986,632,4.59
1559,SemiFinal,1992,62,1.02
1560,16th,1994,1155,6.76
1561,32nd,1995,682,7.06
1562,Final,1999,812,5.72
1563,16th,2012,538,10.88
1564,16th,2007,102,7.33
1565,quarter_final,2014,1567,5.34
1566,SemiFinal,2000,985,8.56
1567,16th,2012,1033,5.88
1568,quarter_final,2015,403,3.56
1569,quarter_final,2015,1077,9.9
1570,SemiFinal,1986,1249,9.49
1571,16th,1997,1630,1.53
1572,Final,2003,1850,1.42
1573,SemiFinal,2005,1727,10.27
1574,Final,2008,1293,4.58
1575,Final,2001,199,5.63
1576,quarter_final,1991,570,4.65
1577,16th,1992,289,8.1
1578,SemiFinal,2015,100,6.56
1579,32nd,2006,258,5.06
1580,Final,1996,622,10.27
1581,Final,2005,79,1.83
1582,32nd,2010,1919,10.99
1583,quarter_final,2014,1581,11.0
1584,Final,1998,140,8.58
1585,quarter_final,1994,1746,3.96
1586,16th,1999,1154,8.88
1587,32nd,1995,363,3.37
1588,32nd,2008,1040,8.15
1589,32nd,1999,1434,6.49
1590,quarter_final,2010,179,2.81
1591,16th,1999,121,9.7
1592,SemiFinal,2002,663,5.52
1593,SemiFinal,1994,467,2.89
1594,Final,1986,1413,10.1
1595,16th,1988,1856,7.44
1596,32nd,1989,1791,8.79
1597,Final,2015,897,5.96
1598,16th,1993,1916,1.05
1599,quarter_final,2002,1307,1.69
1600,SemiFinal,2013,287,10.27
1601,SemiFinal,1996,973,2.99
1602,32nd,2003,1387,1.72
1603,quarter_final,1993,565,3.61
1604,32nd,1999,1431,10.43
1605,Final,1991,881,7.01
1606,16th,1989,1420,8.91
1607,SemiFinal,2010,1117,1.45
1608,32nd,1987,1933,3.84
1609,Final,2015,713,1.67
1610,16th,2009,339,6.03
1611,16th,1991,55,4.39
1612,SemiFinal,1992,296,10.24
1613,32nd,2008,1136,7.98
1614,SemiFinal,1989,1684,4.62
1615,32nd,1997,249,1.31
1616,32nd,2008,1491,6.46
1617,16th,2003,1513,5.01
1618,quarter_final,2015,807,8.58
1619,32nd,2005,2036,3.6
1620,32nd,2003,1477,3.03
1621,quarter_final,1992,1078,2.62
1622,16th,2011,894,4.95
1623,SemiFinal,1988,1769,7.38
1624,32nd,2000,1864,10.75
1625,Final,1994,1670,8.42
1626,SemiFinal,1994,391,3.82
1627,16th,2004,415,5.52
1628,SemiFinal,2014,950,10.59
1629,quarter_final,1991,1348,4.87
1630,16th,2009,693,5.08
1631,quarter_final,1994,1870,2.43
1632,quarter_final,1992,95,2.22
1633,quarter_final,1986,1936,4.6
1634,SemiFinal,2006,545,3.22
1635,16th,2004,250,1.01
1636,quarter_final,2007,2039,1.98
1637,Final,2009,363,7.03
1638,quarter_final,2013,87,2.61
1639,Final,1998,1106,10.0
1640,quarter_final,1991,1711,9.81
1641,32nd,1995,1533,5.25
1642,SemiFinal,2002,2048,9.9
1643,32nd,1989,1525,1.13
1644,16th,2014,1529,7.36
1645,16th,1988,1287,4.12
1646,16th,2005,1988,10.4
1647,quarter_final,2005,721,2.31
1648,32nd,1990,1343,1.32
1649,16th,2006,1536,7.21
1650,32nd,1998,105,8.83
1651,quarter_final,2007,1508,7.66
1652,SemiFinal,2010,2013,10.63
1653,32nd,2005,1098,4.88
1654,Final,2005,363,9.41
1655,Final,2014,1504,6.31
1656,32nd,2006,1434,10.2
1657,quarter_final,2011,1366,1.1
1658,quarter_final,1987,271,9.01
1659,16th,1992,1548,2.77
1660,32nd,2000,550,5.97
1661,quarter_final,2008,1907,5.73
1662,32nd,2001,512,3.72
1663,Final,1989,170,2.87
1664,SemiFinal,1987,1556,10.75
1665,quarter_final,1993,96,8.04
1666,32nd,1992,718,1.88
1667,16th,1990,2012,3.86
1668,SemiFinal,1996,802,8.31
1669,SemiFinal,1991,969,7.08
1670,32nd,2013,79,2.2
1671,32nd,2014,720,10.57
1672,16th,1996,1157,5.28
1673,SemiFinal,2007,679,1.38
1674,16th,2003,270,4.19
1675,SemiFinal,2012,588,7.72
1676,16th,1994,836,8.57
1677,16th,2014,885,8.65
1678,quarter_final,2010,1532,4.32
1679,32nd,2000,1876,3.5
1680,SemiFinal,2011,1026,9.91
1681,32nd,1989,1204,8.41
1682,Final,2013,907,8.51
1683,32nd,2007,1795,8.13
1684,Final,1992,2034,5.1
1685,quarter_final,1994,156,3.23
1686,Final,1991,851,2.95
1687,Final,2007,1587,5.53
1688,Final,1988,274,7.1
1689,32nd,2000,945,8.59
1690,32nd,1994,1968,8.06
1691,Final,2013,820,8.44
1692,32nd,1990,1099,1.03
1693,32nd,2015,1329,1.77
1694,SemiFinal,2008,718,5.05
1695,Final,2009,1482,9.16
1696,quarter_final,2001,1288,5.3
1697,quarter_final,1997,1226,3.98
1698,Final,2006,236,5.55
1699,Final,2010,762,8.15
1700,16th,1994,520,5.45
1701,SemiFinal,1989,493,6.36
1702,Final,1986,403,9.57
1703,Final,1999,183,5.64
1704,16th,2008,642,5.8
1705,SemiFinal,2008,556,10.18
1706,32nd,1998,579,3.54
1707,quarter_final,1995,258,5.79
1708,SemiFinal,1986,580,10.48
1709,32nd,2014,1683,3.66
1710,32nd,1998,110,3.88
1711,Final,2002,160,5.17
1712,32nd,2003,1823,5.63
1713,32nd,2012,454,4.45
1714,quarter_final,1986,1649,4.81
1715,Final,2003,494,7.54
1716,quarter_final,1986,1066,3.87
1717,16th,2011,778,10.8
1718,SemiFinal,2007,87,7.9
1719,32nd,1997,83,6.05
1720,Final,2005,634,9.49
1721,SemiFinal,1990,1190,7.38
1722,Final,1996,1655,2.81
1723,16th,1994,67,9.31
1724,32nd,2010,1949,10.07
1725,quarter_final,1997,731,10.72
1726,32nd,1999,1207,9.71
1727,32nd,2012,1360,9.03
1728,quarter_final,1992,137,3.73
1729,16th,1997,1772,8.86
1730,32nd,2008,1874,5.57
1731,quarter_final,2007,1767,8.21
1732,SemiFinal,2009,664,10.19
1733,quarter_final,1988,812,9.52
1734,Final,2011,1046,1.25
1735,Final,1992,1888,7.87
1736,SemiFinal,2004,431,2.41
1737,quarter_final,2003,553,4.07
1738,quarter_final,1987,1234,8.92
1739,16th,1994,1521,8.14
1740,quarter_final,2015,715,9.29
1741,SemiFinal,2007,1939,7.16
1742,Final,2013,809,6.59
1743,16th,2010,1432,3.49
1744,Final,2004,1497,7.19
1745,quarter_final,2014,604,9.4
1746,SemiFinal,1997,1054,2.67
1747,SemiFinal,1986,1735,6.27
1748,Final,2015,1495,4.8
1749,Final,1996,1848,4.79
1750,Final,1992,390,6.6
1751,16th,2000,1668,9.22
1752,16th,1988,193,2.25
1753,32nd,2006,59,10.81
1754,Final,2014,830,2.47
1755,16th,2003,167,2.05
1756,16th,1997,1258,5.78
1757,SemiFinal,1990,1684,7.76
1758,16th,1996,887,4.28
1759,SemiFinal,2000,340,2.03
1760,SemiFinal,2015,1653,1.26
1761,quarter_final,1997,91,5.26
1762,SemiFinal,1998,1173,8.41
1763,quarter_final,1994,1472,9.39
1764,Final,1991,2025,4.19
1765,quarter_final,2010,1063,1.38
1766,quarter_final,1988,1782,2.46
1767,Final,1998,1742,6.96
1768,SemiFinal,1998,881,3.15
1769,32nd,1998,1186,9.03
1770,quarter_final,1989,514,5.05
1771,SemiFinal,1999,148,7.11
1772,32nd,1988,355,10.8
1773,16th,1986,622,4.9
1774,SemiFinal,1989,1079,2.93
1775,16th,1988,1002,5.2
1776,quarter_final,1986,1955,8.62
1777,Final,1992,1320,2.42
1778,32nd,1997,1623,6.7
1779,32nd,2001,1303,1.77
1780,SemiFinal,2012,1718,2.3
1781,Final,1998,123,5.43
1782,32nd,2012,1069,10.62
1783,SemiFinal,2014,1496,5.09
1784,32nd,1988,1076,5.5
1785,Final,2012,696,9.91
1786,SemiFinal,2004,505,6.91
1787,32nd,1993,1489,4.85
1788,quarter_final,2008,1792,2.74
1789,32nd,1990,487,1.99
1790,SemiFinal,1991,748,2.21
1791,32nd,2013,952,4.23
1792,quarter_final,2013,1975,3.57
1793,16th,2006,808,9.37
1794,16th,1990,1807,10.17
1795,quarter_final,2012,1871,9.38
1796,Final,2001,1234,3.94
1797,quarter_final,2001,1665,8.03
1798,16th,2004,63,3.97
1799,16th,1996,332,7.55
1800,quarter_final,2003,1883,6.1
1801,SemiFinal,2006,1825,4.09
1802,32nd,1994,1718,3.77
1803,16th,2012,1973,4.39
1804,32nd,1987,970,2.91
1805,quarter_final,2009,138,3.09
1806,Final,2002,342,10.79
1807,quarter_final,1987,1630,4.22
1808,Final,2011,2043,6.3
1809,quarter_final,1999,1931,2.68
1810,16th,2010,316,4.53
1811,32nd,1990,945,7.13
1812,Final,1986,778,4.8
1813,SemiFinal,2011,802,1.24
1814,SemiFinal,1992,821,5.81
1815,Final,1997,391,4.14
1816,32nd,1988,1847,4.26
1817,16th,1986,1540,9.18
1818,32nd,1994,1874,7.6
1819,Final,2009,479,10.18
1820,Final,1996,174,7.31
1821,32nd,1993,1427,9.29
1822,32nd,2000,1952,9.78
1823,16th,2007,1124,7.46
1824,16th,1999,384,7.52
1825,Final,2011,1245,8.17
1826,16th,1986,905,9.5
1827,Final,2008,649,8.46
1828,16th,2013,74,4.73
1829,SemiFinal,1996,2002,8.26
1830,16th,1995,1995,7.57
1831,32nd,1991,1584,10.9
1832,32nd,2014,393,3.72
1833,16th,1996,1887,8.31
1834,SemiFinal,2014,1142,7.99
1835,16th,2005,76,10.67
1836,quarter_final,2014,1800,10.82
1837,16th,1999,729,5.85
1838,SemiFinal,2013,993,8.74
1839,32nd,2014,505,8.01
1840,SemiFinal,1996,1102,10.01
1841,SemiFinal,2010,1268,6.01
1842,SemiFinal,2005,989,9.7
1843,SemiFinal,2002,1552,8.69
1844,quarter_final,2013,460,3.07
1845,32nd,2003,1472,2.05
1846,quarter_final,2010,1079,2.35
1847,SemiFinal,2003,1619,5.02
1848,quarter_final,1997,797,6.67
1849,quarter_final,1998,1605,4.46
1850,32nd,1993,1581,4.06
1851,Final,1991,325,7.91
1852,Final,2009,1677,1.57
1853,quarter_final,2015,968,5.73
1854,quarter_final,2004,1286,5.92
1855,quarter_final,1996,345,5.31
1856,quarter_final,1988,1730,9.12
1857,SemiFinal,2004,587,7.68
1858,quarter_final,2006,1355,1.94
1859,16th,2008,921,4.06
1860,32nd,2003,1266,3.98
1861,quarter_final,2013,1474,9.64
1862,SemiFinal,1995,1592,1.52
1863,quarter_final,1990,463,1.57
1864,Final,1998,429,9.43
1865,SemiFinal,2009,1705,2.03
1866,SemiFinal,1987,378,8.71
1867,SemiFinal,2007,1327,7.21
1868,SemiFinal,2000,691,9.66
1869,Final,1997,1050,3.03
1870,Final,1995,530,4.3
1871,16th,1992,1305,5.0
1872,SemiFinal,2007,246,2.49
1873,quarter_final,1992,183,4.9
1874,16th,1996,1454,6.99
1875,16th,1991,1226,3.31
1876,32nd,1997,1793,1.22
1877,32nd,2008,877,9.84
1878,Final,1988,1645,6.3
1879,16th,1989,1604,9.28
1880,quarter_final,2001,991,1.98
1881,16th,2015,857,1.95
1882,SemiFinal,1990,1885,8.33
1883,16th,2007,1120,2.29
1884,16th,1989,416,6.85
1885,Final,2009,876,3.01
1886,16th,2010,893,2.11
1887,32nd,1987,1564,4.09
1888,quarter_final,2015,1501,4.51
1889,SemiFinal,1988,222,9.28
1890,Final,2005,857,8.4
1891,quarter_final,2008,1749,8.82
1892,16th,2011,954,1.28
1893,16th,1993,1839,2.78
1894,32nd,2004,607,4.76
1895,quarter_final,2011,648,10.41
1896,SemiFinal,2004,1103,9.33
1897,16th,1991,117,2.86
1898,quarter_final,2013,508,8.45
1899,quarter_final,1986,1914,9.41
1900,16th,2010,564,10.21
1901,quarter_final,2011,1751,8.28
1902,16th,2005,1418,3.41
1903,32nd,2010,154,2.7
1904,32nd,2013,1834,1.67
1905,16th,2014,233,2.86
1906,SemiFinal,1988,539,10.21
1907,SemiFinal,1986,676,2.65
1908,SemiFinal,1990,1320,7.93
1909,32nd,2001,617,5.42
1910,SemiFinal,2013,133,10.87
1911,Final,1990,741,9.22
1912,SemiFinal,1990,808,10.45
1913,16th,2013,867,5.71
1914,32nd,2000,1385,8.82
1915,Final,1998,938,7.35
1916,32nd,1991,1645,1.78
1917,SemiFinal,2005,1842,8.08
1918,quarter_final,2002,1566,8.93
1919,32nd,2010,1291,10.82
1920,32nd,1996,1097,10.47
1921,SemiFinal,1991,559,9.67
1922,16th,2006,174,10.33
1923,SemiFinal,1997,817,9.14
1924,16th,1993,184,2.16
1925,Final,1990,2009,2.95
1926,16th,1990,454,9.86
1927,SemiFinal,1991,245,2.51
1928,Final,1988,1381,9.27
1929,SemiFinal,2000,1041,5.71
1930,quarter_final,1987,1365,8.49
1931,Final,2008,1071,9.38
1932,SemiFinal,2011,953,3.67
1933,32nd,2008,105,1.15
1934,Final,2014,1917,8.91
1935,Final,2000,428,5.18
1936,SemiFinal,1992,2038,3.34
1937,quarter_final,2004,1276,5.89
1938,32nd,1994,295,7.09
1939,quarter_final,1995,1380,8.49
1940,Final,2007,1456,6.08
1941,quarter_final,2002,972,4.01
1942,quarter_final,2010,1943,3.53
1943,SemiFinal,1990,1080,6.9
1944,32nd,2008,1353,1.94
1945,16th,1988,1354,3.35
1946,quarter_final,1996,697,2.26
1947,Final,1989,318,3.74
1948,SemiFinal,1987,579,9.24
1949,Final,1996,97,3.95
1950,16th,1999,759,9.7
1951,quarter_final,2003,1622,10.88
1952,Final,2008,156,5.01
1953,32nd,1997,568,6.24
1954,quarter_final,2008,240,2.45
1955,32nd,1993,856,9.82
1956,SemiFinal,2008,1349,9.19
1957,16th,1988,1240,8.42
1958,SemiFinal,2003,1198,2.59
1959,quarter_final,1986,177,1.69
1960,quarter_final,2012,168,4.82
1961,SemiFinal,2009,106,1.34
1962,32nd,2001,1799,5.27
1963,Final,2009,400,6.31
1964,16th,2000,1388,2.8
1965,SemiFinal,2001,1645,5.91
1966,Final,2004,177,3.53
1967,SemiFinal,2008,531,1.16
1968,SemiFinal,2010,1269,7.97
1969,32nd,2004,2002,10.79
1970,SemiFinal,1989,1732,2.98
1971,32nd,2003,495,9.94
1972,Final,2001,1718,2.58
1973,16th,2014,654,9.6
1974,32nd,2000,2043,6.8
1975,SemiFinal,1999,571,9.34
1976,16th,1995,1840,3.21
1977,quarter_final,1998,968,6.16
1978,16th,2005,690,10.67
1979,SemiFinal,1997,211,2.54
1980,Final,2015,845,5.9
1981,16th,2007,534,5.48
1982,16th,1999,849,4.79
1983,Final,1998,867,6.7
1984,SemiFinal,2010,840,4.05
1985,16th,1988,946,9.8
1986,Final,1997,1304,8.29
1987,SemiFinal,2002,1609,8.8
1988,32nd,1988,399,3.8
1989,quarter_final,2005,173,10.72
1990,16th,1999,1739,8.69
1991,32nd,2014,1220,2.63
1992,SemiFinal,2004,1120,5.52
1993,Final,2008,835,2.7
1994,32nd,1997,2018,1.97
1995,16th,2006,819,5.05
1996,32nd,1990,304,4.99
1997,SemiFinal,1986,1274,3.71
1998,16th,1992,1438,8.12
1999,Final,2012,1793,10.38
2000,SemiFinal,1999,289,6.55
2001,32nd,2000,1761,8.34
2002,32nd,2001,1406,1.65
2003,SemiFinal,1998,360,2.22
2004,Final,2007,969,10.43
2005,quarter_final,1997,285,5.98
2006,Final,2010,221,2.15
2007,Final,1997,1244,8.05
2008,32nd,2002,61,2.44
2009,Final,2002,1201,3.68
2010,SemiFinal,2014,1684,9.12
2011,Final,2009,272,5.18
2012,32nd,1994,257,6.85
2013,Final,1989,1713,5.74
2014,32nd,2015,1054,4.15
2015,quarter_final,2002,410,4.45
2016,Final,1987,580,3.06
2017,32nd,2004,1448,3.67
2018,quarter_final,1996,1723,2.82
2019,quarter_final,1991,1502,3.15
2020,16th,2005,2012,3.76
2021,32nd,1989,1161,5.63
2022,32nd,2015,1445,6.35
2023,32nd,1999,2010,9.8
2024,32nd,2002,430,7.52
2025,quarter_final,1993,694,7.61
2026,16th,1992,230,2.34
2027,SemiFinal,2004,1966,7.34
2028,SemiFinal,2010,407,10.28
2029,32nd,2007,1283,5.49
2030,SemiFinal,2003,751,6.38
2031,SemiFinal,1993,1460,6.66
2032,16th,1999,377,8.94
2033,Final,2010,1253,1.92
2034,Final,1992,283,9.78
2035,SemiFinal,2011,397,7.84
2036,32nd,2004,373,7.04
2037,quarter_final,2010,1418,9.07
2038,quarter_final,2002,286,1.57
2039,32nd,1990,1199,3.09
2040,16th,1999,1937,9.64
2041,Final,2005,1943,3.82
2042,Final,2009,1212,10.32
2043,32nd,1992,1903,7.15
2044,16th,1989,802,2.27
2045,Final,2007,1630,1.69
2046,SemiFinal,2013,182,7.71
2047,32nd,2007,953,5.89
2048,Final,1988,201,11.0
2049,Final,2011,1812,5.72
2050,Final,1993,393,5.7
2051,Final,2012,1567,7.67
2052,quarter_final,2007,1518,9.93
2053,quarter_final,1999,589,8.03
2054,quarter_final,2013,1374,8.96
2055,32nd,1996,296,2.08
2056,SemiFinal,1994,802,7.66
2057,16th,1994,1294,10.97
2058,16th,2015,76,3.54
2059,quarter_final,1996,1003,3.0
2060,quarter_final,2006,1079,10.0
2061,32nd,1993,1622,10.98
2062,16th,2003,379,10.98
2063,16th,2000,124,5.0
2064,quarter_final,1991,317,1.04
2065,16th,2007,1764,9.8
2066,SemiFinal,2013,339,10.49
2067,16th,2009,513,5.51
2068,32nd,2007,572,6.35
2069,16th,2013,376,6.27
2070,quarter_final,2008,719,2.57
2071,16th,1988,1972,1.7
2072,SemiFinal,1996,1783,4.56
2073,Final,2014,176,4.49
2074,Final,1995,200,10.75
2075,16th,2004,373,4.89
2076,16th,1998,1671,6.88
2077,32nd,2004,1795,6.37
2078,Final,1996,1654,10.53
2079,32nd,2002,1962,9.48
2080,Final,1988,1692,8.4
2081,quarter_final,2006,1102,3.33
2082,SemiFinal,1995,1056,5.47
2083,quarter_final,2003,335,8.56
2084,quarter_final,1992,372,6.59
2085,SemiFinal,2008,1181,2.13
2086,32nd,2013,226,7.65
2087,32nd,1994,1008,5.21
2088,quarter_final,2012,239,9.27
2089,quarter_final,1991,1271,7.43
2090,Final,2002,505,4.78
2091,32nd,2009,1235,7.0
2092,32nd,2008,738,7.8
2093,quarter_final,2013,502,3.52
2094,SemiFinal,1996,657,7.21
2095,Final,1988,1868,3.52
2096,16th,2009,460,9.01
2097,16th,2013,1701,9.83
2098,16th,2006,1740,1.78
2099,32nd,2008,269,10.77
2100,SemiFinal,1996,109,2.95
2101,SemiFinal,1996,1043,9.48
2102,quarter_final,2014,686,5.81
2103,quarter_final,2005,1341,6.4
2104,16th,1997,1529,7.49
2105,quarter_final,1988,1530,1.83
2106,SemiFinal,2008,1691,8.99
2107,quarter_final,1999,1881,10.64
2108,SemiFinal,1989,921,2.1
2109,quarter_final,2002,1659,10.74
2110,quarter_final,2005,183,4.03
2111,16th,1999,694,8.02
2112,SemiFinal,2009,569,6.46
2113,16th,1993,1441,3.05
2114,32nd,1990,1406,6.87
2115,quarter_final,1991,857,9.21
2116,SemiFinal,2001,794,9.65
2117,Final,1991,1007,9.11
2118,Final,2010,1670,9.64
2119,Final,2004,822,10.84
2120,Final,2003,176,9.78
2121,quarter_final,2009,845,8.7
2122,SemiFinal,1999,2040,9.25
2123,16th,1994,1898,9.67
2124,32nd,1997,1288,8.26
2125,SemiFinal,1990,934,1.8
2126,32nd,2008,1186,8.8
2127,SemiFinal,1990,1832,5.89
2128,Final,1996,608,10.69
2129,SemiFinal,1986,364,1.5
2130,quarter_final,2012,1793,1.49
2131,Final,1995,456,6.93
2132,32nd,1990,153,4.78
2133,quarter_final,1993,496,1.97
2134,quarter_final,2014,366,1.98
2135,32nd,2010,1933,7.78
2136,SemiFinal,2005,388,10.07
2137,32nd,2012,85,10.49
2138,quarter_final,1996,1150,9.97
2139,quarter_final,1991,145,6.82
2140,Final,2013,1182,2.55
2141,quarter_final,2012,217,10.15
2142,Final,2003,289,3.25
2143,Final,1987,1714,4.53
2144,Final,2003,1740,1.49
2145,quarter_final,1990,594,10.77
2146,32nd,2013,1542,8.44
2147,16th,1992,1244,9.0
2148,quarter_final,1993,1167,1.03
2149,SemiFinal,2002,1720,6.22
2150,Final,2012,286,9.38
2151,16th,1994,663,3.82
2152,Final,1990,1891,5.4
2153,Final,1991,60,2.04
2154,Final,1989,554,8.82
2155,Final,2009,221,5.72
2156,Final,2015,1722,5.93
2157,16th,2015,82,1.31
2158,16th,1991,1110,4.54
2159,quarter_final,1986,557,6.48
2160,Final,2005,1105,8.6
2161,SemiFinal,1988,1592,3.01
2162,SemiFinal,1987,1043,5.84
2163,Final,1994,695,5.96
2164,Final,2002,1259,5.1
2165,32nd,2009,2036,6.28
2166,quarter_final,1996,1106,9.29
2167,quarter_final,1994,1196,3.64
2168,quarter_final,1989,1460,2.34
2169,32nd,2011,1082,7.76
2170,SemiFinal,2013,552,9.07
2171,SemiFinal,2003,608,1.83
2172,quarter_final,1991,1824,7.86
2173,quarter_final,1996,110,3.32
2174,32nd,2003,1068,10.82
2175,32nd,1990,1658,6.41
2176,quarter_final,2003,1223,3.5
2177,SemiFinal,2011,1556,9.25
2178,quarter_final,2003,1110,6.35
2179,SemiFinal,1994,204,7.6
2180,16th,1989,306,8.61
2181,Final,2000,1767,2.21
2182,SemiFinal,2009,318,3.19
2183,16th,1989,1327,5.71
2184,Final,2002,804,10.63
2185,SemiFinal,1998,723,2.06
2186,SemiFinal,2000,99,4.19
2187,Final,2008,816,6.21
2188,quarter_final,2000,1002,6.0
2189,quarter_final,1991,699,10.63
2190,SemiFinal,1989,1117,3.98
2191,SemiFinal,1986,1443,8.23
2192,16th,1998,614,5.56
2193,32nd,1996,536,10.32
2194,32nd,2009,1664,4.29
2195,quarter_final,2013,339,3.48
2196,16th,1990,232,7.73
2197,SemiFinal,2004,1451,7.49
2198,16th,1989,253,4.29
2199,16th,1986,443,5.92
2200,SemiFinal,2015,714,2.54
2201,Final,1994,1200,5.52
2202,16th,2005,1965,9.75
2203,Final,2008,1789,10.87
2204,SemiFinal,2000,263,5.57
2205,Final,1993,983,1.14
2206,quarter_final,2005,1157,8.02
2207,16th,2007,799,8.97
2208,32nd,1986,1532,3.91
2209,Final,1989,199,1.55
2210,SemiFinal,2000,1888,8.41
2211,16th,1996,354,2.41
2212,16th,1992,148,3.26
2213,Final,2008,946,1.33
2214,Final,2010,1643,5.27
2215,Final,2007,2031,2.48
2216,Final,1998,1750,5.2
2217,32nd,2001,1772,6.97
2218,SemiFinal,1994,362,4.45
2219,16th,1998,345,8.57
2220,32nd,2004,766,8.1
2221,16th,1996,1079,6.53
2222,Final,2014,1043,4.59
2223,16th,2005,1396,9.34
2224,SemiFinal,2004,1254,7.56
2225,quarter_final,2015,1369,3.41
2226,Final,1988,674,2.07
2227,32nd,2013,1250,5.79
2228,quarter_final,1987,133,4.23
2229,16th,1993,971,3.63
2230,32nd,2012,259,9.9
2231,16th,2009,1470,9.39
2232,16th,2014,870,8.87
2233,quarter_final,1994,130,2.49
2234,quarter_final,1996,1099,5.7
2235,16th,1986,649,10.42
2236,32nd,2014,1812,6.19
2237,32nd,1986,1115,6.83
2238,16th,1999,1401,5.17
2239,quarter_final,1999,1267,10.62
2240,32nd,2007,635,2.48
2241,SemiFinal,1997,860,5.75
2242,16th,2004,821,8.67
2243,16th,2014,1001,9.82
2244,Final,2006,2038,8.0
2245,quarter_final,1986,1952,2.55
2246,quarter_final,2005,998,7.38
2247,16th,1987,1285,10.92
2248,32nd,1999,643,3.99
2249,32nd,1995,909,7.68
2250,Final,1998,1305,2.04
2251,SemiFinal,1996,874,9.76
2252,16th,1989,645,1.18
2253,16th,2015,481,4.23
2254,32nd,1986,282,1.38
2255,quarter_final,1997,1941,7.03
2256,32nd,1987,825,7.49
2257,Final,2007,1119,2.69
2258,Final,1998,747,8.56
2259,quarter_final,2015,745,2.02
2260,SemiFinal,2010,1993,2.6
2261,quarter_final,2000,51,1.94
2262,Final,1993,241,4.19
2263,32nd,1999,1193,4.89
2264,16th,1996,288,7.1
2265,Final,1994,1359,2.67
2266,quarter_final,1987,1385,10.79
2267,32nd,2004,392,7.7
2268,SemiFinal,2004,1404,7.89
2269,32nd,1991,1850,3.16
2270,16th,2005,178,5.59
2271,32nd,1998,611,10.38
2272,16th,1997,600,6.47
2273,Final,2001,1768,8.16
2274,SemiFinal,1995,845,8.6
2275,Final,1998,1339,5.37
2276,32nd,1998,511,1.64
2277,32nd,2006,1358,8.74
2278,16th,1997,948,4.09
2279,quarter_final,2012,1716,1.44
2280,Final,1989,893,4.43
2281,16th,1993,1921,5.78
2282,Final,1988,666,1.2
2283,SemiFinal,1996,1234,3.83
2284,16th,2010,1516,2.41
2285,Final,1996,787,5.63
2286,quarter_final,2014,584,3.16
2287,SemiFinal,1990,1069,5.81
2288,SemiFinal,1997,1801,4.16
2289,quarter_final,2002,790,2.92
2290,quarter_final,2006,229,3.11
2291,SemiFinal,1986,121,2.89
2292,16th,1997,974,10.07
2293,SemiFinal,1992,1518,1.61
2294,Final,2003,346,10.75
2295,32nd,2011,607,8.52
2296,SemiFinal,1987,243,7.33
2297,16th,2004,1306,4.1
2298,16th,1989,382,10.8
2299,32nd,1992,926,4.28
2300,16th,1998,238,10.63
2301,Final,1989,670,7.77
2302,quarter_final,1996,678,9.82
2303,Final,2004,1353,7.03
2304,SemiFinal,2002,1060,7.95
2305,SemiFinal,2011,673,1.49
2306,SemiFinal,1990,1244,3.83
2307,32nd,1998,1872,4.11
2308,Final,1991,362,4.39
2309,32nd,2007,1435,9.82
2310,quarter_final,1993,1941,1.57
2311,16th,1994,1619,9.07
2312,16th,2005,238,10.93
2313,32nd,2001,826,3.36
2314,16th,2010,313,10.42
2315,16th,2008,421,10.81
2316,16th,2001,636,5.55
2317,32nd,1991,635,7.18
2318,quarter_final,1992,82,3.61
2319,32nd,2011,1899,6.7
2320,Final,2004,1259,8.4
2321,32nd,1999,606,5.15
2322,Final,1990,158,7.68
2323,quarter_final,1991,1631,1.68
2324,SemiFinal,2004,1441,8.93
2325,quarter_final,2010,1315,2.95
2326,16th,1989,861,7.13
2327,16th,2013,1609,9.67
2328,quarter_final,2013,1671,3.26
2329,32nd,2001,1295,3.22
2330,32nd,2001,111,9.39
2331,16th,1996,1459,4.11
2332,32nd,1989,1402,1.26
2333,quarter_final,1991,625,4.85
2334,32nd,1998,868,10.44
2335,16th,2013,1873,9.07
2336,SemiFinal,2001,1899,4.71
2337,quarter_final,2015,1837,2.06
2338,Final,1994,1249,5.83
2339,Final,2011,144,10.07
2340,32nd,1991,1267,2.72
2341,32nd,1997,1569,4.2
2342,32nd,2005,352,9.32
2343,32nd,2005,482,10.1
2344,SemiFinal,2009,466,2.45
2345,quarter_final,1997,567,8.0
2346,SemiFinal,2001,781,7.11
2347,quarter_final,1993,57,7.16
2348,32nd,1993,1143,7.49
2349,Final,1999,743,3.86
2350,32nd,1994,1811,2.09
2351,Final,1988,338,8.2
2352,SemiFinal,2007,1933,6.01
2353,quarter_final,2003,429,3.47
2354,Final,2013,1084,3.82
2355,SemiFinal,2004,1195,8.47
2356,16th,1997,73,3.55
2357,quarter_final,1997,1122,9.02
2358,Final,1999,193,8.14
2359,SemiFinal,2004,934,3.53
2360,quarter_final,2015,899,5.7
2361,16th,2012,860,9.22
2362,32nd,2014,1745,1.91
2363,32nd,2014,1545,7.92
2364,quarter_final,2011,618,6.96
2365,quarter_final,1992,1870,5.63
2366,32nd,2013,519,4.99
2367,16th,2002,721,10.35
2368,32nd,2004,1867,6.75
2369,quarter_final,2007,693,10.69
2370,32nd,2006,1372,10.75
2371,16th,1990,935,4.6
2372,32nd,1994,1093,5.54
2373,SemiFinal,1992,576,2.31
2374,16th,2004,581,4.05
2375,16th,1991,967,4.47
2376,Final,2002,217,10.55
2377,SemiFinal,1999,671,1.91
2378,quarter_final,2011,1635,3.41
2379,quarter_final,1996,821,2.41
2380,32nd,1992,128,4.81
2381,32nd,1987,1427,1.4
2382,Final,1997,1448,1.81
2383,32nd,2002,450,9.3
2384,SemiFinal,1994,1776,6.17
2385,quarter_final,2010,1274,8.03
2386,16th,1987,941,8.0
2387,16th,1986,227,4.56
2388,Final,1992,1119,1.68
2389,quarter_final,2011,154,9.92
2390,Final,2009,1144,4.87
2391,16th,1993,209,6.78
2392,16th,2000,293,4.7
2393,16th,1996,1891,2.55
2394,16th,2009,1056,2.43
2395,quarter_final,2002,437,7.05
2396,32nd,1988,252,1.91
2397,32nd,2009,1877,7.3
2398,Final,1988,179,5.26
2399,SemiFinal,2003,1798,1.53
2400,Final,2007,1846,5.97
2401,SemiFinal,2003,1749,4.6
2402,16th,1999,751,9.54
2403,Final,2002,1776,6.11
2404,quarter_final,2006,1762,7.34
2405,32nd,2005,737,8.08
2406,32nd,2007,81,9.26
2407,quarter_final,2001,1459,3.78
2408,Final,1993,1201,1.22
2409,Final,1986,1889,4.53
2410,16th,1992,1253,7.51
2411,32nd,2005,1192,5.41
2412,quarter_final,2006,227,2.8
2413,Final,1995,980,7.82
2414,SemiFinal,1998,119,1.72
2415,Final,2000,1427,3.01
2416,32nd,1987,66,10.24
2417,16th,2010,1743,2.02
2418,Final,2012,1158,3.06
2419,32nd,2014,1564,10.71
2420,16th,2014,1006,8.95
2421,32nd,1995,143,6.34
2422,32nd,1997,775,6.05
2423,quarter_final,1988,389,7.65
2424,SemiFinal,1997,1365,2.69
2425,SemiFinal,1989,1368,4.69
2426,SemiFinal,1994,1656,1.01
2427,quarter_final,1997,1359,5.92
2428,32nd,1993,107,9.11
2429,quarter_final,1988,2009,7.62
2430,Final,2009,1174,6.22
2431,Final,1995,1581,3.68
2432,32nd,2015,414,10.3
2433,Final,2010,417,5.37
2434,quarter_final,2000,1201,5.29
2435,Final,2015,1306,6.79
2436,32nd,2008,1199,7.55
2437,16th,2010,501,1.68
2438,SemiFinal,2010,446,5.27
2439,16th,1996,1720,3.71
2440,SemiFinal,2014,195,4.64
2441,SemiFinal,2005,1854,4.62
2442,SemiFinal,2008,954,9.3
2443,SemiFinal,2005,837,3.9
2444,Final,2011,1188,10.49
2445,quarter_final,2007,778,2.0
2446,quarter_final,2003,1282,1.54
2447,32nd,1991,1022,5.28
2448,Final,2006,126,7.19
2449,quarter_final,2013,1803,9.61
2450,SemiFinal,2003,1173,5.59
2451,SemiFinal,2000,2028,9.5
2452,SemiFinal,2015,1852,8.29
2453,SemiFinal,2015,1448,3.11
2454,SemiFinal,2003,740,7.27
2455,16th,2003,1112,8.82
2456,32nd,2009,2016,5.6
2457,quarter_final,1993,1619,6.15
2458,SemiFinal,1987,737,7.97
2459,quarter_final,2008,602,2.79
2460,32nd,1999,1643,9.81
2461,32nd,2009,1314,4.29
2462,32nd,1998,1250,2.73
2463,SemiFinal,2000,1093,9.93
2464,16th,2010,83,1.16
2465,SemiFinal,2012,776,1.03
2466,quarter_final,1994,1174,4.1
2467,16th,2005,1901,5.64
2468,32nd,1996,890,4.14
2469,SemiFinal,1991,778,2.49
2470,Final,2007,205,1.35
2471,SemiFinal,2000,184,8.2
2472,Final,2013,1497,5.73
2473,Final,1992,1263,1.77
2474,SemiFinal,2012,705,8.05
2475,16th,2011,1449,7.42
2476,32nd,1990,204,7.35
2477,quarter_final,2010,1370,9.88
2478,16th,2006,1094,9.89
2479,16th,2005,593,3.74
2480,Final,2006,368,5.1
2481,quarter_final,2009,1981,5.26
2482,SemiFinal,2008,1666,8.66
2483,Final,2005,1314,4.34
2484,SemiFinal,2012,64,1.6
2485,Final,1986,789,7.55
2486,16th,2000,1550,10.49
2487,32nd,1987,848,10.52
2488,Final,2006,1418,6.78
2489,Final,1999,116,7.04
2490,16th,1998,714,4.82
2491,quarter_final,2011,826,3.15
2492,quarter_final,2006,900,7.16
2493,SemiFinal,1986,1588,3.84
2494,quarter_final,1994,701,4.43
2495,Final,2011,1960,3.67
2496,32nd,2013,1740,8.7
2497,SemiFinal,2013,714,8.12
2498,16th,2009,214,4.95
2499,32nd,1990,1543,6.36
2500,Final,2002,170,2.35
2501,16th,2001,148,2.25
2502,SemiFinal,2010,1698,1.71
2503,SemiFinal,2000,1365,6.29
2504,16th,2008,1719,9.59
2505,SemiFinal,1989,1515,3.96
2506,Final,1999,747,4.79
2507,Final,1992,269,5.81
2508,Final,2003,563,5.31
2509,quarter_final,1986,806,9.84
2510,SemiFinal,1999,477,9.82
2511,SemiFinal,1986,1489,8.09
2512,quarter_final,1995,351,2.68
2513,quarter_final,1991,1001,8.37
2514,quarter_final,2013,978,7.65
2515,SemiFinal,1998,907,9.93
2516,quarter_final,1993,912,7.36
2517,SemiFinal,2005,650,4.66
2518,Final,2012,223,10.54
2519,SemiFinal,1996,1134,2.4
2520,quarter_final,1989,1149,2.68
2521,quarter_final,2006,1305,5.04
2522,16th,2001,1624,10.24
2523,quarter_final,2005,1958,2.92
2524,quarter_final,1986,1837,2.67
2525,16th,1990,1212,2.47
2526,16th,1989,1889,8.54
2527,16th,1993,93,7.17
2528,16th,2000,1049,5.47
2529,quarter_final,2009,649,3.13
2530,16th,1992,1863,4.53
2531,16th,2014,1031,7.19
2532,Final,1989,997,4.1
2533,16th,2008,1607,8.56
2534,Final,2003,1172,10.53
2535,SemiFinal,1988,1159,4.4
2536,32nd,2013,1945,1.72
2537,SemiFinal,2007,835,1.19
2538,SemiFinal,1989,160,2.79
2539,quarter_final,1991,442,4.36
2540,Final,2005,251,9.92
2541,32nd,2015,274,8.06
2542,quarter_final,2012,2021,8.92
2543,16th,2010,625,7.59
2544,16th,1994,1688,3.61
2545,SemiFinal,2010,108,2.0
2546,Final,1986,1962,10.69
2547,SemiFinal,1997,1840,8.93
2548,quarter_final,1989,824,1.5
2549,16th,1992,623,7.02
2550,Final,2013,891,5.65
2551,quarter_final,1998,80,8.02
2552,16th,1990,1843,3.88
2553,Final,1990,117,2.25
2554,16th,1990,343,3.3
2555,16th,2003,148,10.98
2556,SemiFinal,2011,1813,1.67
2557,32nd,1986,1446,5.86
2558,Final,2011,2045,8.1
2559,SemiFinal,1987,62,7.16
2560,quarter_final,2002,418,8.0
2561,16th,2000,1069,8.37
2562,Final,2009,810,3.69
2563,Final,2010,1246,4.51
2564,SemiFinal,1987,1529,6.19
2565,quarter_final,1998,261,8.73
2566,Final,2014,1954,10.83
2567,16th,2007,562,1.97
2568,32nd,2014,510,5.95
2569,SemiFinal,1996,944,2.33
2570,32nd,2014,960,10.62
2571,32nd,1988,1670,5.83
2572,SemiFinal,2015,1742,4.22
2573,Final,2012,870,3.28
2574,Final,1994,1432,10.43
2575,quarter_final,2003,88,6.27
2576,quarter_final,1986,444,6.62
2577,SemiFinal,2005,515,9.76
2578,32nd,2007,415,4.97
2579,Final,1993,185,1.75
2580,Final,2004,407,10.25
2581,32nd,1996,344,10.03
2582,SemiFinal,2007,652,1.37
2583,SemiFinal,1993,1625,1.99
2584,16th,1989,1027,7.43
2585,Final,2000,740,10.74
2586,SemiFinal,2003,951,9.42
2587,quarter_final,1987,571,10.86
2588,SemiFinal,1994,271,9.73
2589,Final,2004,1026,5.58
2590,16th,1993,131,9.45
2591,quarter_final,1986,1542,8.72
2592,16th,2014,1669,5.13
2593,Final,1997,908,1.68
2594,SemiFinal,2000,1317,6.52
2595,SemiFinal,1993,401,3.35
2596,32nd,2004,1840,7.05
2597,32nd,2012,281,6.2
2598,Final,1987,1760,1.83
2599,Final,2015,1680,6.08
2600,quarter_final,1989,1244,4.33
2601,32nd,2004,1202,8.4
2602,quarter_final,2009,478,1.49
2603,quarter_final,2004,854,3.09
2604,16th,2000,1310,8.95
2605,32nd,1990,344,1.67
2606,SemiFinal,1992,375,3.36
2607,Final,1992,1286,10.73
2608,16th,2002,1503,7.62
2609,SemiFinal,2009,435,8.45
2610,SemiFinal,2012,1810,1.54
2611,16th,2001,453,2.78
2612,Final,1997,338,3.55
2613,32nd,1999,1204,9.21
2614,SemiFinal,2006,875,1.72
2615,32nd,2012,1859,9.54
2616,Final,1999,1954,9.21
2617,32nd,1991,1769,7.96
2618,16th,1997,455,8.21
2619,32nd,1999,1926,6.61
2620,16th,2008,1191,8.3
2621,Final,2008,101,8.56
2622,Final,2000,858,8.72
2623,Final,2012,360,6.32
2624,Final,2008,738,2.14
2625,32nd,1992,134,3.7
2626,Final,2010,1538,7.53
2627,32nd,2010,107,8.66
2628,SemiFinal,2009,1293,7.2
2629,Final,2014,616,5.47
2630,SemiFinal,2009,1054,8.64
2631,quarter_final,1994,1358,7.83
2632,16th,2001,2001,8.06
2633,32nd,1995,1450,1.68
2634,quarter_final,1986,735,10.63
2635,SemiFinal,1996,289,6.49
2636,SemiFinal,2015,1870,6.36
2637,quarter_final,1995,108,9.23
2638,16th,2007,1062,8.73
2639,quarter_final,2014,2032,3.66
2640,Final,1995,578,7.38
2641,SemiFinal,1993,419,10.83
2642,quarter_final,2000,1022,1.49
2643,32nd,1996,129,5.8
2644,16th,1986,143,2.59
2645,quarter_final,2008,633,1.74
2646,16th,1988,1168,4.81
2647,Final,2003,161,1.22
2648,Final,1999,980,7.37
2649,Final,2005,1527,5.79
2650,Final,2007,1546,1.84
2651,SemiFinal,2003,1715,4.36
2652,32nd,1990,1208,9.27
2653,Final,2011,202,5.77
2654,SemiFinal,2005,1701,8.77
2655,16th,1992,1686,9.53
2656,quarter_final,1987,1155,3.58
2657,quarter_final,2003,1815,3.27
2658,32nd,1998,1525,6.49
2659,16th,2001,663,5.02
2660,16th,2010,1070,5.83
2661,32nd,2012,833,10.01
2662,16th,1993,925,3.4
2663,quarter_final,2005,1488,10.23
2664,16th,2014,1001,5.83
2665,16th,2007,1383,5.61
2666,16th,1986,358,3.86
2667,32nd,2008,944,5.68
2668,32nd,1988,136,2.85
2669,Final,1987,1832,7.57
2670,quarter_final,2007,1471,1.18
2671,Final,2006,1066,9.82
2672,16th,1996,1161,5.34
2673,16th,2012,1206,8.0
2674,32nd,2007,1015,4.18
2675,16th,1996,895,3.32
2676,16th,2013,740,9.69
2677,Final,2001,1424,8.3
2678,Final,2006,98,7.79
2679,SemiFinal,1989,1750,2.33
